6 0.17148760330578514 0.42951541850220265 0.1384297520661157 0.23641703377386197
1 0.434400826446281 0.39060205580029367 0.11880165289256199 0.2261380323054332
1 0.6580578512396694 0.37812041116005873 0.11570247933884298 0.17474302496328928
1 0.8450413223140496 0.4155653450807636 0.09297520661157024 0.16152716593245228
6 0.9447314049586777 0.4104258443465492 0.08161157024793389 0.14243759177679882
4 0.9628099173553719 0.4067547723935389 0.03512396694214876 0.0381791483113069
4 0.690599173553719 0.3399412628487518 0.04648760330578512 0.042584434654919234
2 0.934400826446281 0.4368575624082232 0.042355371900826444 0.05433186490455213
2 0.8471074380165289 0.45301027900146845 0.0640495867768595 0.05726872246696035
2 0.6606404958677686 0.40748898678414097 0.06714876033057851 0.08957415565345081
2 0.4452479338842975 0.44273127753303965 0.0743801652892562 0.08076358296622614
2 0.1683884297520661 0.4750367107195301 0.1115702479338843 0.1130690161527166
