1 0.7277777777777777 0.5395061728395062 0.2 0.28888888888888886
1 0.08518518518518518 0.14938271604938272 0.15555555555555556 0.29876543209876544
2 0.6907407407407408 0.6098765432098765 0.1037037037037037 0.12345679012345678
2 0.08148148148148149 0.22098765432098766 0.11851851851851852 0.10617283950617284
15 0.7462962962962963 0.49876543209876545 0.23703703703703705 0.19753086419753085
15 0.1111111111111111 0.10123456790123457 0.2037037037037037 0.20246913580246914
0 0.575 0.674074074074074 0.08703703703703704 0.1728395061728395
0 0.39444444444444443 0.9135802469135802 0.13333333333333333 0.16790123456790124
15 0.6583333333333333 0.07407407407407407 0.1574074074074074 0.14814814814814814
5 0.612037037037037 0.0654320987654321 0.07592592592592592 0.1259259259259259
