1 0.7395833333333334 0.2535087719298246 0.1125 0.23333333333333334
2 0.7208333333333333 0.3087719298245614 0.075 0.12631578947368421
2 0.43385416666666665 0.44035087719298244 0.06979166666666667 0.11929824561403508
1 0.45677083333333335 0.3763157894736842 0.115625 0.2614035087719298
4 0.7171875 0.25087719298245614 0.084375 0.05964912280701754
14 0.4708333333333333 0.40087719298245617 0.1375 0.3
1 0.8130208333333333 0.2824561403508772 0.05520833333333333 0.10877192982456141
1 0.8942708333333333 0.34385964912280703 0.042708333333333334 0.08421052631578947
1 0.9697916666666667 0.2956140350877193 0.04375 0.08947368421052632
1 0.5416666666666666 0.29736842105263156 0.06041666666666667 0.12105263157894737
2 0.8041666666666667 0.3140350877192982 0.041666666666666664 0.05964912280701754
2 0.5421875 0.33245614035087717 0.040625 0.05789473684210526
2 0.8927083333333333 0.35789473684210527 0.03125 0.056140350877192984
2 0.9651041666666667 0.312280701754386 0.034375 0.042105263157894736
