5 0.8373015873015873 0.23333333333333334 0.0873015873015873 0.2413793103448276
1 0.7127976190476191 0.4045977011494253 0.07242063492063493 0.20229885057471264
1 0.6041666666666666 0.3264367816091954 0.07738095238095238 0.2160919540229885
1 0.43898809523809523 0.29310344827586204 0.07837301587301587 0.21839080459770116
1 0.2896825396825397 0.30919540229885056 0.07142857142857142 0.2045977011494253
5 0.1661706349206349 0.4126436781609195 0.08234126984126984 0.22298850574712645
10 0.8382936507936508 0.26666666666666666 0.07539682539682539 0.15172413793103448
10 0.16418650793650794 0.4471264367816092 0.0625 0.14022988505747128
2 0.7172619047619048 0.43908045977011495 0.057539682539682536 0.09655172413793103
2 0.6011904761904762 0.35977011494252875 0.05357142857142857 0.10344827586206896
2 0.44146825396825395 0.3264367816091954 0.057539682539682536 0.10114942528735632
2 0.29464285714285715 0.3310344827586207 0.05357142857142857 0.11494252873563218
