1 0.8725 0.1358695652173913 0.075 0.13260869565217392
1 0.8125 0.1108695652173913 0.065 0.11739130434782609
1 0.6625 0.12282608695652174 0.07166666666666667 0.11956521739130435
1 0.5908333333333333 0.11630434782608695 0.06833333333333333 0.11521739130434783
1 0.16 0.0967391304347826 0.08666666666666667 0.13260869565217392
2 0.17416666666666666 0.11195652173913044 0.051666666666666666 0.07173913043478261
2 0.5891666666666666 0.12608695652173912 0.055 0.05217391304347826
2 0.66 0.1391304347826087 0.04666666666666667 0.06086956521739131
2 0.8125 0.12608695652173912 0.045 0.05217391304347826
2 0.8658333333333333 0.15978260869565217 0.041666666666666664 0.058695652173913045
