1 0.5080508474576271 0.45743329097839897 0.2364406779661017 0.45743329097839897
2 0.5004237288135593 0.5972045743329097 0.2228813559322034 0.20330368487928843
4 0.5016949152542373 0.5 0.1864406779661017 0.09529860228716645
1 0.1733050847457627 0.44790343074968236 0.2228813559322034 0.3545108005082592
2 0.2309322033898305 0.5412960609911055 0.11779661016949153 0.19567979669631513
1 0.8245762711864407 0.3062261753494282 0.1 0.17534942820838628
2 0.8317796610169491 0.34243964421855144 0.07033898305084746 0.07750952986022872
1 0.5889830508474576 0.11753494282083862 0.1135593220338983 0.2096569250317662
2 0.5927966101694915 0.1473951715374841 0.08898305084745763 0.11181702668360864
1 0.6533898305084745 0.24523506988564167 0.1152542372881356 0.2337992376111817
1 0.08008474576271186 0.16327827191867852 0.06016949152542373 0.1156289707750953
2 0.6601694915254237 0.3233799237611182 0.0847457627118644 0.07750952986022872
2 0.06991525423728813 0.18932655654383734 0.044915254237288135 0.048284625158831
