5 0.3995762711864407 0.3514328808446455 0.20254237288135593 0.4917043740573152
10 0.4004237288135593 0.48265460030165913 0.18220338983050846 0.36199095022624433
10 0.7978813559322034 0.3310708898944193 0.15169491525423728 0.1975867269984917
10 0.2330508474576271 0.475867269984917 0.12203389830508475 0.16440422322775264
4 0.5538135593220339 0.2187028657616893 0.0940677966101695 0.05731523378582202
3 0.9254237288135593 0.16591251885369532 0.11864406779661017 0.11463046757164404
18 0.23347457627118645 0.2707390648567119 0.12796610169491526 0.3092006033182504
5 0.23728813559322035 0.3476621417797888 0.1288135593220339 0.35444947209653094
5 0.5525423728813559 0.22549019607843138 0.1 0.2398190045248869
5 0.7902542372881356 0.24283559577677225 0.14322033898305084 0.32277526395173456
5 0.9216101694915254 0.23001508295625941 0.09745762711864407 0.22473604826546004
