1 0.662870159453303 0.3627946127946128 0.05239179954441914 0.10606060606060606
1 0.5375854214123007 0.37962962962962965 0.05239179954441914 0.1026936026936027
1 0.4402050113895216 0.3998316498316498 0.05808656036446469 0.09932659932659933
3 0.6947608200455581 0.32154882154882153 0.029612756264236904 0.0707070707070707
3 0.5615034168564921 0.33080808080808083 0.05239179954441914 0.08585858585858586
3 0.45045558086560367 0.32407407407407407 0.05580865603644647 0.05555555555555555
4 0.6617312072892938 0.3425925925925926 0.0387243735763098 0.02861952861952862
4 0.43735763097949887 0.39057239057239057 0.03644646924829157 0.030303030303030304
2 0.6634396355353075 0.37626262626262624 0.04441913439635535 0.05555555555555555
2 0.541002277904328 0.38552188552188554 0.04555808656036447 0.050505050505050504
2 0.4447608200455581 0.4107744107744108 0.04214123006833713 0.05387205387205387
