1 0.8181701030927835 0.5469111969111969 0.09149484536082474 0.1664092664092664
5 0.9452319587628866 0.5457528957528958 0.06881443298969073 0.12239382239382239
1 0.6708762886597938 0.6007722007722007 0.10309278350515463 0.1498069498069498
5 0.14329896907216494 0.5382239382239382 0.10618556701030928 0.15366795366795366
2 0.8152061855670103 0.5832046332046332 0.07835051546391752 0.10463320463320464
2 0.6505154639175258 0.6227799227799228 0.06443298969072164 0.10579150579150579
2 0.3068298969072165 0.6407335907335907 0.06005154639175258 0.10849420849420849
1 0.32938144329896907 0.6067567567567568 0.09896907216494845 0.1694980694980695
9 0.11507731958762886 0.5254826254826255 0.06881443298969073 0.06332046332046332
9 0.9463917525773196 0.5065637065637065 0.051030927835051546 0.03861003861003861
4 0.6429123711340207 0.577027027027027 0.0615979381443299 0.05057915057915058
0 0.5746134020618556 0.5115830115830116 0.04407216494845361 0.0749034749034749
0 0.4047680412371134 0.5150579150579151 0.04407216494845361 0.07644787644787644
