1 0.6355382619974059 0.5294511378848729 0.12105490704712495 0.21954484605087016
1 0.4316904453091224 0.5277777777777778 0.09727626459143969 0.18674698795180722
1 0.2503242542153048 0.45113788487282463 0.11846087332468655 0.2543507362784471
1 0.7332468655425853 0.28647925033467203 0.08214440121054907 0.15261044176706828
1 0.37267617812364895 0.28748326639892907 0.11673151750972763 0.21619812583668005
1 0.0520968439256377 0.23962516733601072 0.1041936878512754 0.21151271753681392
1 0.5019455252918288 0.2101740294511379 0.07349762213575443 0.15796519410977242
1 0.8705144833549503 0.30622489959839355 0.0825767401642888 0.1827309236947791
4 0.8657587548638133 0.3038821954484605 0.07392996108949416 0.0535475234270415
4 0.49351491569390404 0.18875502008032127 0.057501080847384346 0.0428380187416332
13 0.633808906182447 0.49464524765729584 0.1054907047124946 0.1285140562248996
7 0.8696498054474708 0.3470548862115127 0.08690012970168612 0.0997322623828648
7 0.7315175097276264 0.3132530120481928 0.07695633376567229 0.10441767068273092
7 0.4982706441850411 0.2322623828647925 0.06182447038478167 0.08701472556894244
7 0.3718115002161695 0.321954484605087 0.10808473843493299 0.12985274431057564
7 0.04539559014267185 0.27710843373493976 0.08992650237786425 0.11780455153949129
7 0.24729788153912668 0.5120481927710844 0.11067877215737137 0.1285140562248996
7 0.42455685257241677 0.572289156626506 0.0907911802853437 0.107095046854083
7 0.6312148724600086 0.5749665327978581 0.10203199308257674 0.11244979919678715
12 0.25378296584522264 0.38018741633199465 0.10635538261997406 0.10040160642570281
1 0.6253782965845223 0.32831325301204817 0.0825767401642888 0.15327978580990628
2 0.6186770428015564 0.36579651941097724 0.07695633376567229 0.08366800535475234
2 0.27561608300907914 0.2563587684069612 0.07220060527453523 0.09236947791164658
2 0.18417639429312582 0.3510709504685408 0.08473843493298747 0.11579651941097724
1 0.2782101167315175 0.2248995983935743 0.08949416342412451 0.17938420348058903
1 0.18115002161694768 0.33032128514056225 0.10635538261997406 0.19745649263721554
