1 0.8668918918918919 0.27586206896551724 0.12027027027027028 0.23123732251521298
1 0.7439189189189189 0.2971602434077079 0.09594594594594595 0.1643002028397566
1 0.5020270270270271 0.3133874239350913 0.06891891891891892 0.11561866125760649
1 0.41283783783783784 0.32961460446247465 0.07702702702702703 0.1359026369168357
7 0.8702702702702703 0.3154158215010142 0.0945945945945946 0.12373225152129817
7 0.17635135135135135 0.29310344827586204 0.06621621621621622 0.11967545638945233
1 0.16013513513513514 0.25963488843813387 0.11756756756756757 0.21095334685598377
2 0.7493243243243243 0.3235294117647059 0.07702702702702703 0.0872210953346856
2 0.5006756756756757 0.3275862068965517 0.052702702702702706 0.058823529411764705
2 0.4141891891891892 0.34685598377281945 0.05 0.06896551724137931
