1 0.30541666666666667 0.25722222222222224 0.0575 0.09666666666666666
2 0.3070833333333333 0.28 0.0425 0.04666666666666667
3 0.30291666666666667 0.23166666666666666 0.059166666666666666 0.03666666666666667
1 0.42333333333333334 0.26 0.051666666666666666 0.09555555555555556
1 0.5525 0.2594444444444444 0.06 0.09666666666666666
1 0.6029166666666667 0.2816666666666667 0.024166666666666666 0.06111111111111111
5 0.14416666666666667 0.29444444444444445 0.09166666666666666 0.1511111111111111
10 0.1375 0.2972222222222222 0.105 0.15444444444444444
3 0.42333333333333334 0.24555555555555555 0.051666666666666666 0.06666666666666667
3 0.5558333333333333 0.2388888888888889 0.058333333333333334 0.057777777777777775
2 0.4241666666666667 0.29 0.041666666666666664 0.028888888888888888
7 0.5683333333333334 0.29055555555555557 0.025 0.04111111111111111
7 0.6058333333333333 0.2961111111111111 0.023333333333333334 0.03222222222222222
