1 0.5637426900584795 0.17162872154115585 0.15906432748538013 0.329246935201401
1 0.7467836257309941 0.19527145359019266 0.07368421052631578 0.12784588441331
1 0.1023391812865497 0.22416812609457093 0.1368421052631579 0.18914185639229422
7 0.5444444444444444 0.2591943957968476 0.1111111111111111 0.1646234676007005
2 0.12456140350877193 0.2723292469352014 0.0783625730994152 0.11033274956217162
7 0.743859649122807 0.21978984238178634 0.056140350877192984 0.06830122591943957
9 0.5491228070175439 0.1725043782837128 0.12046783625730995 0.06830122591943957
1 0.7912280701754386 0.20140105078809106 0.03859649122807018 0.07705779334500876
4 0.7912280701754386 0.19527145359019266 0.026900584795321637 0.01926444833625219
7 0.7900584795321638 0.2180385288966725 0.026900584795321637 0.03677758318739054
5 0.8210526315789474 0.22854640980735552 0.05146198830409357 0.10332749562171628
5 0.8614035087719298 0.2425569176882662 0.0456140350877193 0.09982486865148861
5 0.9122807017543859 0.2180385288966725 0.05146198830409357 0.0893169877408056
15 0.9122807017543859 0.2180385288966725 0.044444444444444446 0.07880910683012259
15 0.8578947368421053 0.24168126094570927 0.04327485380116959 0.09457092819614711
15 0.8216374269005848 0.23204903677758318 0.050292397660818715 0.09632224168126094
