6 0.27717391304347827 0.3566350710900474 0.15993788819875776 0.33886255924170616
1 0.546583850931677 0.4466824644549763 0.13975155279503104 0.3056872037914692
1 0.8703416149068323 0.27488151658767773 0.10403726708074534 0.1943127962085308
7 0.5209627329192547 0.5177725118483413 0.09472049689440994 0.16350710900473933
2 0.27096273291925466 0.44075829383886256 0.15062111801242237 0.16113744075829384
7 0.8680124223602484 0.3293838862559242 0.09937888198757763 0.11848341232227488
4 0.8633540372670807 0.26066350710900477 0.08074534161490683 0.06635071090047394
7 0.6319875776397516 0.34360189573459715 0.040372670807453416 0.07109004739336493
7 0.9495341614906833 0.23459715639810427 0.04503105590062112 0.06635071090047394
1 0.59472049689441 0.26303317535545023 0.12422360248447205 0.2037914691943128
1 0.9479813664596274 0.19194312796208532 0.06987577639751552 0.15165876777251186
0 0.7267080745341615 0.19786729857819904 0.12111801242236025 0.2109004739336493
