1 0.14038461538461539 0.5634615384615385 0.12435897435897436 0.2076923076923077
1 0.3769230769230769 0.5403846153846154 0.08205128205128205 0.15
1 0.791025641025641 0.5201923076923077 0.07948717948717948 0.16346153846153846
1 0.5897435897435898 0.7163461538461539 0.08461538461538462 0.16346153846153846
1 0.6878205128205128 0.7759615384615385 0.07564102564102564 0.13653846153846153
5 0.6653846153846154 0.5221153846153846 0.05128205128205128 0.075
2 0.14487179487179488 0.6221153846153846 0.1 0.09423076923076923
2 0.3801282051282051 0.5807692307692308 0.052564102564102565 0.06153846153846154
2 0.676923076923077 0.8115384615384615 0.05128205128205128 0.06538461538461539
2 0.5903846153846154 0.7625 0.06794871794871794 0.05576923076923077
2 0.7801282051282051 0.5721153846153846 0.057692307692307696 0.06346153846153846
4 0.5942307692307692 0.7375 0.07051282051282051 0.032692307692307694
4 0.7743589743589744 0.5336538461538461 0.04358974358974359 0.028846153846153848
9 0.6621794871794872 0.5201923076923077 0.03974358974358974 0.021153846153846155
0 0.01858974358974359 0.5192307692307693 0.03205128205128205 0.05
0 0.5217948717948718 0.6 0.03333333333333333 0.057692307692307696
0 0.43141025641025643 0.5528846153846154 0.021794871794871794 0.04423076923076923
