1 0.48625 0.2406191369606004 0.14625 0.29174484052532834
1 0.6521875 0.3630393996247655 0.124375 0.24390243902439024
0 0.8684375 0.24718574108818012 0.113125 0.2073170731707317
2 0.4953125 0.3236397748592871 0.111875 0.12382739212007504
2 0.6590625 0.42870544090056284 0.096875 0.10694183864915573
2 0.1378125 0.46716697936210133 0.085625 0.12382739212007504
1 0.11875 0.40431519699812385 0.1375 0.2701688555347092
1 0.2184375 0.3728893058161351 0.096875 0.22795497185741087
2 0.221875 0.4469981238273921 0.085 0.07410881801125703
0 0.9628125 0.17917448405253283 0.071875 0.14821763602251406
