16 0.5907142857142857 0.37812911725955206 0.15142857142857144 0.3926218708827404
16 0.8285714285714286 0.3682476943346509 0.11 0.26745718050065875
0 0.09892857142857144 0.3359683794466403 0.11357142857142857 0.24769433465085638
5 0.2835714285714286 0.38735177865612647 0.09714285714285714 0.22134387351778656
5 0.5932142857142857 0.3702239789196311 0.13785714285714284 0.36363636363636365
5 0.8278571428571428 0.3675889328063241 0.10285714285714286 0.25559947299077734
9 0.2735714285714286 0.4018445322793149 0.06 0.05533596837944664
5 0.7064285714285714 0.36429512516469037 0.07857142857142857 0.25691699604743085
16 0.4642857142857143 0.4064558629776021 0.09 0.14888010540184454
16 0.7085714285714285 0.3669301712779974 0.07857142857142857 0.2621870882740448
5 0.4642857142857143 0.40974967061923584 0.08571428571428572 0.14492753623188406
