1 0.8038461538461539 0.3576923076923077 0.1794871794871795 0.3076923076923077
6 0.11602564102564103 0.5865384615384616 0.1423076923076923 0.2923076923076923
6 0.27115384615384613 0.5875 0.12692307692307692 0.20961538461538462
15 0.8115384615384615 0.3038461538461538 0.1794871794871795 0.2076923076923077
2 0.4737179487179487 0.39903846153846156 0.07307692307692308 0.08269230769230769
2 0.7538461538461538 0.43653846153846154 0.08974358974358974 0.1346153846153846
2 0.10833333333333334 0.6884615384615385 0.13205128205128205 0.08076923076923077
14 0.2391025641025641 0.6298076923076923 0.057692307692307696 0.07115384615384615
14 0.11089743589743589 0.5817307692307693 0.1576923076923077 0.3096153846153846
14 0.2705128205128205 0.5855769230769231 0.14102564102564102 0.225
3 0.4621794871794872 0.3076923076923077 0.0782051282051282 0.07307692307692308
6 0.46282051282051284 0.3644230769230769 0.08974358974358974 0.17115384615384616
0 0.9352564102564103 0.41346153846153844 0.0858974358974359 0.18076923076923077
