0 0.4778156996587031 0.0967741935483871 0.11604095563139932 0.1697792869269949
6 0.24857792946530147 0.3234295415959253 0.17406143344709898 0.3310696095076401
1 0.6052332195676906 0.6358234295415959 0.4254835039817975 0.7215619694397284
7 0.6149032992036405 0.8429541595925297 0.29465301478953354 0.2835314091680815
7 0.2656427758816837 0.41171477079796265 0.12627986348122866 0.13752122241086587
7 0.2445961319681456 0.13497453310696095 0.05915813424345848 0.03904923599320883
1 0.23777019340159272 0.0933786078098472 0.09783845278725825 0.12224108658743633
0 0.2923777019340159 0.05432937181663837 0.05233219567690557 0.10186757215619695
0 0.3890784982935154 0.053480475382003394 0.05915813424345848 0.100169779286927
0 0.8936291240045506 0.044142614601018676 0.06257110352673492 0.08828522920203735
4 0.6746302616609784 0.7130730050933786 0.19112627986348124 0.10526315789473684
