1 0.3852376137512639 0.1885245901639344 0.17593528816986856 0.3502235469448584
1 0.25884732052578363 0.18479880774962743 0.11931243680485339 0.33084947839046197
1 0.532355915065723 0.511177347242921 0.2558139534883721 0.5991058122205664
7 0.5480283114256825 0.7093889716840537 0.14762386248736098 0.17883755588673622
7 0.34984833164812945 0.28763040238450077 0.09908998988877654 0.14008941877794337
2 0.24671385237613752 0.26453055141579734 0.09302325581395349 0.16542473919523099
4 0.47977755308392317 0.6080476900149031 0.08796764408493428 0.15499254843517138
3 0.532355915065723 0.40312965722801786 0.243680485338726 0.3770491803278688
5 0.8629929221435794 0.20864381520119224 0.2517694641051567 0.35469448584202684
4 0.7836198179979778 0.2593144560357675 0.06471183013144591 0.05663189269746647
