1 0.8056133056133056 0.2750642673521851 0.12681912681912683 0.20051413881748073
2 0.8232848232848233 0.34061696658097684 0.079002079002079 0.06426735218508997
2 0.3523908523908524 0.33547557840616965 0.04781704781704782 0.06426735218508997
1 0.38461538461538464 0.2982005141388175 0.11226611226611227 0.13367609254498714
3 0.3981288981288981 0.27892030848329047 0.08523908523908524 0.09511568123393316
3 0.8004158004158004 0.2352185089974293 0.11226611226611227 0.11568123393316196
4 0.8253638253638254 0.29562982005141386 0.07068607068607069 0.03598971722365039
1 0.035343035343035345 0.30719794344473006 0.06652806652806653 0.14652956298200515
3 0.032224532224532226 0.2827763496143959 0.06444906444906445 0.10282776349614396
2 0.034303534303534305 0.3444730077120823 0.06860706860706861 0.07712082262210797
