1 0.7674418604651163 0.29620034542314333 0.15813953488372093 0.2815198618307427
1 0.15406976744186046 0.4317789291882556 0.13837209302325582 0.24179620034542315
1 0.34011627906976744 0.29447322970639034 0.12209302325581395 0.23661485319516407
0 0.586046511627907 0.2694300518134715 0.14651162790697675 0.29015544041450775
2 0.3436046511627907 0.36614853195164077 0.09186046511627907 0.09326424870466321
2 0.786046511627907 0.3635578583765112 0.12093023255813953 0.14680483592400692
7 0.16627906976744186 0.4930915371329879 0.11162790697674418 0.11917098445595854
4 0.34069767441860466 0.30397236614853196 0.10232558139534884 0.04145077720207254
2 0.09534883720930233 0.3393782383419689 0.06046511627906977 0.06390328151986183
2 0.026744186046511628 0.41882556131260795 0.05116279069767442 0.07426597582037997
1 0.10988372093023256 0.2823834196891192 0.08255813953488372 0.16407599309153714
1 0.03488372093023256 0.3842832469775475 0.06046511627906977 0.13298791018998274
3 0.11220930232558139 0.23834196891191708 0.09651162790697675 0.07944732297063903
