1 0.17172675521821631 0.3569620253164557 0.27514231499051234 0.4962025316455696
1 0.5777988614800759 0.6620253164556962 0.10436432637571158 0.20506329113924052
1 0.7163187855787476 0.6594936708860759 0.14231499051233396 0.25569620253164554
1 0.8975332068311196 0.7075949367088608 0.20113851992409867 0.34177215189873417
2 0.1888045540796964 0.47848101265822784 0.22960151802656548 0.22784810126582278
2 0.5777988614800759 0.7063291139240506 0.08538899430740038 0.10632911392405063
2 0.7020872865275142 0.7278481012658228 0.11005692599620494 0.11392405063291139
2 0.8823529411764706 0.8012658227848102 0.17077798861480076 0.15443037974683543
11 0.16698292220113853 0.2417721518987342 0.269449715370019 0.2607594936708861
11 0.579696394686907 0.6088607594936709 0.10056925996204934 0.08860759493670886
11 0.7115749525616698 0.5924050632911393 0.15180265654648956 0.12151898734177215
4 0.8937381404174574 0.7139240506329114 0.1935483870967742 0.0810126582278481
0 0.47722960151802657 0.5012658227848101 0.04364326375711575 0.06582278481012659
0 0.42599620493358636 0.5455696202531646 0.03984819734345351 0.06835443037974684
