1 0.8823834196891192 0.5922787193973634 0.07357512953367876 0.1638418079096045
1 0.18393782383419688 0.3615819209039548 0.04870466321243523 0.1016949152542373
1 0.2632124352331606 0.4397363465160075 0.05595854922279793 0.09981167608286252
1 0.5181347150259067 0.2551789077212806 0.04766839378238342 0.10357815442561205
2 0.18290155440414507 0.3794726930320151 0.04248704663212435 0.0583804143126177
2 0.2606217616580311 0.4623352165725047 0.04455958549222798 0.05084745762711865
2 0.5207253886010362 0.2815442561205273 0.04041450777202073 0.05084745762711865
2 0.8865284974093264 0.6299435028248588 0.061139896373056994 0.07344632768361582
1 0.0538860103626943 0.3427495291902072 0.03316062176165803 0.07909604519774012
2 0.05336787564766839 0.3606403013182674 0.03212435233160622 0.04331450094161959
1 0.3290155440414508 0.23258003766478344 0.04248704663212435 0.09227871939736347
1 0.33419689119170987 0.10546139359698682 0.03005181347150259 0.06779661016949153
1 0.37823834196891193 0.07532956685499058 0.03316062176165803 0.07532956685499058
1 0.3051813471502591 0.1064030131826742 0.02383419689119171 0.0696798493408663
1 0.28082901554404144 0.1016949152542373 0.03316062176165803 0.07156308851224105
1 0.23367875647668393 0.10734463276836158 0.03212435233160622 0.064030131826742
1 0.15906735751295337 0.17419962335216574 0.04248704663212435 0.08851224105461393
1 0.07564766839378238 0.15819209039548024 0.04145077720207254 0.07532956685499058
1 0.17409326424870467 0.08286252354048965 0.03316062176165803 0.06779661016949153
1 0.11761658031088083 0.08192090395480225 0.04248704663212435 0.07721280602636535
1 0.04404145077720207 0.04519774011299435 0.03005181347150259 0.05649717514124294
2 0.3321243523316062 0.2448210922787194 0.03005181347150259 0.04896421845574388
2 0.3362694300518135 0.11487758945386065 0.02383419689119171 0.03389830508474576
2 0.38031088082901554 0.08757062146892655 0.035233160621761656 0.03954802259887006
2 0.30362694300518134 0.11958568738229755 0.022797927461139896 0.035781544256120526
2 0.28134715025906737 0.11487758945386065 0.025906735751295335 0.03766478342749529
2 0.23108808290155441 0.11487758945386065 0.031088082901554404 0.03389830508474576
2 0.17098445595854922 0.1007532956685499 0.02694300518134715 0.035781544256120526
2 0.11606217616580311 0.09792843691148775 0.02694300518134715 0.04143126177024482
2 0.04196891191709844 0.051789077212806026 0.025906735751295335 0.035781544256120526
2 0.07875647668393783 0.1713747645951036 0.035233160621761656 0.04519774011299435
2 0.15647668393782382 0.1911487758945386 0.035233160621761656 0.04331450094161959
