1 0.9296577946768061 0.537751677852349 0.13688212927756654 0.2231543624161074
1 0.6283269961977186 0.5343959731543624 0.17300380228136883 0.1929530201342282
1 0.7699619771863118 0.438758389261745 0.1444866920152091 0.14597315436241612
1 0.5807984790874525 0.36325503355704697 0.0817490494296578 0.08221476510067115
2 0.6302281368821293 0.5763422818791947 0.1311787072243346 0.09563758389261745
7 0.9268060836501901 0.5838926174496645 0.14258555133079848 0.11409395973154363
2 0.5779467680608364 0.3808724832214765 0.053231939163498096 0.03691275167785235
2 0.7813688212927756 0.46812080536912754 0.12547528517110265 0.09060402684563758
2 0.8716730038022814 0.3447986577181208 0.06273764258555133 0.04865771812080537
2 0.6872623574144486 0.44043624161073824 0.058935361216730035 0.04865771812080537
1 0.8716730038022814 0.3338926174496644 0.0741444866920152 0.0738255033557047
1 0.6739543726235742 0.4052013422818792 0.09695817490494296 0.11912751677852348
