1 0.24085365853658536 0.3275 0.0508130081300813 0.09
1 0.3871951219512195 0.355 0.07113821138211382 0.1
1 0.7195121951219512 0.34 0.06910569105691057 0.09
2 0.7134146341463414 0.36 0.04878048780487805 0.045
2 0.5264227642276422 0.40375 0.04878048780487805 0.0325
2 0.3871951219512195 0.37625 0.054878048780487805 0.0475
2 0.24085365853658536 0.35375 0.042682926829268296 0.0375
12 0.7144308943089431 0.315 0.05894308943089431 0.04
12 0.5233739837398373 0.37125 0.054878048780487805 0.0425
12 0.24085365853658536 0.32375 0.05894308943089431 0.0325
1 0.5294715447154471 0.36375 0.06707317073170732 0.0975
18 0.3871951219512195 0.345 0.08739837398373984 0.115
