1 0.37395833333333334 0.31887755102040816 0.09375 0.1377551020408163
0 0.890625 0.23979591836734693 0.09375 0.15816326530612246
2 0.37083333333333335 0.3482142857142857 0.07916666666666666 0.06887755102040816
0 0.23958333333333334 0.1951530612244898 0.029166666666666667 0.04846938775510204
0 0.475 0.18877551020408162 0.041666666666666664 0.05612244897959184
0 0.05 0.31505102040816324 0.0375 0.058673469387755105
1 0.7666666666666667 0.2627551020408163 0.07916666666666666 0.11734693877551021
1 0.6614583333333334 0.2767857142857143 0.05625 0.10459183673469388
7 0.6614583333333334 0.3022959183673469 0.052083333333333336 0.04846938775510204
7 0.765625 0.29081632653061223 0.07708333333333334 0.07142857142857142
