1 0.42024253731343286 0.3003120124804992 0.17257462686567165 0.42277691107644305
1 0.7024253731343284 0.6216848673946958 0.18470149253731344 0.37285491419656785
1 0.07229477611940298 0.42277691107644305 0.10541044776119403 0.1996879875195008
2 0.42257462686567165 0.4095163806552262 0.14738805970149255 0.20748829953198128
2 0.7010261194029851 0.6435257410296412 0.14272388059701493 0.20436817472698907
2 0.07509328358208955 0.46333853354134164 0.07555970149253731 0.1029641185647426
11 0.4207089552238806 0.19734789391575663 0.17164179104477612 0.21060842433697347
11 0.7033582089552238 0.517160686427457 0.16044776119402984 0.08268330733229329
13 0.07136194029850747 0.4422776911076443 0.10541044776119403 0.16380655226209048
13 0.41697761194029853 0.374414976599064 0.16417910447761194 0.28081123244929795
13 0.7014925373134329 0.5865834633385335 0.1921641791044776 0.44929797191887677
