1 0.881578947368421 0.1601123595505618 0.1463157894736842 0.31273408239700373
1 0.13105263157894737 0.2846441947565543 0.12526315789473685 0.250936329588015
1 0.37157894736842106 0.2209737827715356 0.06526315789473684 0.14606741573033707
1 0.508421052631579 0.16666666666666666 0.0863157894736842 0.18352059925093633
2 0.11894736842105263 0.3445692883895131 0.10105263157894737 0.12359550561797752
2 0.3736842105263158 0.2556179775280899 0.056842105263157895 0.07303370786516854
7 0.5047368421052632 0.21067415730337077 0.07473684210526316 0.08801498127340825
7 0.8789473684210526 0.19194756554307116 0.13263157894736843 0.1891385767790262
2 0.22157894736842104 0.24625468164794007 0.030526315789473683 0.05056179775280899
2 0.30894736842105264 0.12359550561797752 0.034736842105263156 0.052434456928838954
2 0.18842105263157893 0.13857677902621723 0.035789473684210524 0.03745318352059925
2 0.14684210526315788 0.11704119850187265 0.03684210526315789 0.04307116104868914
2 0.06789473684210526 0.08707865168539326 0.030526315789473683 0.035580524344569285
2 0.02894736842105263 0.1104868913857678 0.03894736842105263 0.056179775280898875
2 0.5915789473684211 0.07584269662921349 0.03368421052631579 0.04307116104868914
2 0.7821052631578947 0.15543071161048688 0.04631578947368421 0.08239700374531835
2 0.41947368421052633 0.14794007490636704 0.030526315789473683 0.03745318352059925
1 0.7757894736842105 0.10861423220973783 0.05473684210526316 0.1760299625468165
1 0.5910526315789474 0.05711610486891386 0.04105263157894737 0.10299625468164794
1 0.4110526315789474 0.11797752808988764 0.045263157894736845 0.0898876404494382
1 0.3068421052631579 0.10299625468164794 0.045263157894736845 0.10486891385767791
1 0.22105263157894736 0.22940074906367042 0.04 0.09550561797752809
1 0.18947368421052632 0.10955056179775281 0.03368421052631579 0.06554307116104868
1 0.14421052631578948 0.09737827715355805 0.042105263157894736 0.0898876404494382
1 0.06789473684210526 0.07397003745318352 0.034736842105263156 0.07303370786516854
1 0.024736842105263158 0.08801498127340825 0.0431578947368421 0.11610486891385768
