1 0.4629817444219067 0.37175792507204614 0.06997971602434078 0.13256484149855907
1 0.6805273833671399 0.3559077809798271 0.056795131845841784 0.10662824207492795
1 0.8012170385395537 0.36095100864553314 0.07910750507099391 0.13976945244956773
2 0.4695740365111562 0.3984149855907781 0.05273833671399594 0.07348703170028818
2 0.6779918864097363 0.3796829971181556 0.0537525354969574 0.059077809798270896
2 0.8037525354969574 0.3962536023054755 0.0537525354969574 0.06628242074927954
2 0.6982758620689655 0.7161383285302594 0.08417849898580122 0.1440922190201729
2 0.4117647058823529 0.7089337175792507 0.08519269776876268 0.09510086455331412
2 0.24949290060851928 0.7161383285302594 0.04259634888438134 0.05187319884726225
1 0.24594320486815416 0.6995677233429395 0.04969574036511156 0.0936599423631124
1 0.40872210953346855 0.649135446685879 0.10141987829614604 0.22046109510086456
1 0.7459432048681541 0.6498559077809798 0.1795131845841785 0.2737752161383285
3 0.7484787018255578 0.6037463976945245 0.18864097363083165 0.1873198847262248
