1 0.27932636469221833 0.22256568778979907 0.1753774680603949 0.2689335394126739
1 0.6974448315911731 0.12596599690880989 0.1173054587688734 0.18083462132921174
1 0.6910569105691057 0.3330757341576507 0.12311265969802555 0.1901081916537867
7 0.2897793263646922 0.2890262751159196 0.12195121951219512 0.12364760432766615
7 0.6753774680603949 0.3740340030911901 0.09175377468060394 0.10200927357032458
7 0.7015098722415796 0.16460587326120557 0.09291521486643438 0.09119010819165378
1 0.3722415795586527 0.2751159196290572 0.04065040650406504 0.2071097372488408
1 0.4175377468060395 0.2704791344667697 0.04994192799070848 0.13292117465224113
7 0.4186991869918699 0.30602782071097373 0.05226480836236934 0.07109737248840804
7 0.3710801393728223 0.3384853168469861 0.03832752613240418 0.07727975270479134
5 0.8763066202090593 0.20324574961360123 0.09639953542392567 0.15301391035548687
3 0.8763066202090593 0.16769706336939721 0.10104529616724739 0.08191653786707882
0 0.5760743321718932 0.2751159196290572 0.0627177700348432 0.1205564142194745
