1 0.6890660592255126 0.23466666666666666 0.11845102505694761 0.4106666666666667
1 0.0785876993166287 0.288 0.14123006833712984 0.4106666666666667
1 0.6332574031890661 0.8293333333333334 0.11845102505694761 0.32
2 0.6805239179954442 0.356 0.09681093394077449 0.15733333333333333
2 0.1275626423690205 0.41333333333333333 0.04100227790432802 0.13866666666666666
2 0.6611617312072893 0.936 0.06264236902050115 0.10666666666666667
4 0.6850797266514806 0.276 0.10136674259681093 0.06133333333333333
4 0.1326879271070615 0.316 0.03302961275626424 0.07733333333333334
0 0.29214123006833714 0.8133333333333334 0.05580865603644647 0.128
0 0.8912300683371298 0.8493333333333334 0.05125284738041002 0.12533333333333332
0 0.9162870159453302 0.772 0.03986332574031891 0.152
