1 0.7981132075471699 0.6167218543046358 0.39245283018867927 0.5380794701986755
1 0.37924528301886795 0.4826158940397351 0.20754716981132076 0.25662251655629137
1 0.6 0.22019867549668873 0.2528301886792453 0.2947019867549669
1 0.20849056603773586 0.320364238410596 0.15283018867924528 0.16390728476821192
1 0.14339622641509434 0.5149006622516556 0.1660377358490566 0.1986754966887417
2 0.1330188679245283 0.5728476821192053 0.15283018867924528 0.08278145695364239
2 0.2028301886792453 0.3667218543046358 0.13773584905660377 0.06788079470198675
2 0.3443396226415094 0.5504966887417219 0.1641509433962264 0.11754966887417219
2 0.5952830188679246 0.2955298013245033 0.20943396226415095 0.13741721854304637
2 0.7962264150943397 0.7640728476821192 0.38113207547169814 0.24006622516556292
