5 0.21294466403162055 0.33560606060606063 0.12944664031620554 0.23484848484848486
5 0.42638339920948615 0.4196969696969697 0.09980237154150198 0.21818181818181817
5 0.7712450592885376 0.19242424242424241 0.16106719367588934 0.2545454545454545
9 0.42391304347826086 0.4053030303030303 0.1007905138339921 0.05303030303030303
16 0.7692687747035574 0.19166666666666668 0.1590909090909091 0.25303030303030305
4 0.23517786561264822 0.32727272727272727 0.08300395256916997 0.051515151515151514
5 0.7732213438735178 0.19393939393939394 0.16106719367588934 0.2636363636363636
5 0.5014822134387352 0.5007575757575757 0.07015810276679842 0.14393939393939395
5 0.566699604743083 0.5666666666666667 0.06027667984189723 0.15757575757575756
0 0.9703557312252964 0.44166666666666665 0.05731225296442688 0.14696969696969697
0 0.6936758893280632 0.5863636363636363 0.045454545454545456 0.1
