1 0.14285714285714285 0.2928692699490662 0.12877263581488935 0.13412563667232597
1 0.5251509054325956 0.27164685908319186 0.06841046277665996 0.08149405772495756
1 0.9014084507042254 0.3073005093378608 0.12877263581488935 0.13582342954159593
2 0.13279678068410464 0.3174872665534805 0.06438631790744467 0.05432937181663837
2 0.5251509054325956 0.29456706281833617 0.052313883299798795 0.03225806451612903
3 0.14185110663983905 0.24787775891341257 0.1227364185110664 0.044142614601018676
3 0.8983903420523138 0.2691001697792869 0.1227364185110664 0.05263157894736842
7 0.8883299798792756 0.34210526315789475 0.08651911468812877 0.06281833616298811
4 0.5241448692152918 0.27419354838709675 0.04225352112676056 0.015280135823429542
2 0.022132796780684104 0.3073005093378608 0.04426559356136821 0.03395585738539898
1 0.030181086519114688 0.29456706281833617 0.056338028169014086 0.07640067911714771
