1 0.5414847161572053 0.2319915254237288 0.21542940320232898 0.4216101694915254
1 0.715429403202329 0.3050847457627119 0.11790393013100436 0.2754237288135593
2 0.5443959243085881 0.3718220338983051 0.15429403202328967 0.1504237288135593
7 0.7190684133915575 0.3760593220338983 0.11062590975254731 0.11228813559322035
2 0.9687045123726347 0.3040254237288136 0.050946142649199416 0.10805084745762712
3 0.7125181950509462 0.21716101694915255 0.11790393013100436 0.1038135593220339
1 0.970160116448326 0.23940677966101695 0.053857350800582245 0.24152542372881355
2 0.28602620087336245 0.1408898305084746 0.042212518195050945 0.0614406779661017
2 0.36317321688500726 0.07838983050847458 0.039301310043668124 0.05084745762711865
2 0.19141193595342068 0.0815677966101695 0.053857350800582245 0.048728813559322036
2 0.7379912663755459 0.0847457627118644 0.055312954876273655 0.059322033898305086
7 0.8289665211062591 0.06991525423728813 0.04512372634643377 0.046610169491525424
7 0.11717612809315867 0.1705508474576271 0.053857350800582245 0.057203389830508475
3 0.8333333333333334 0.0211864406779661 0.06259097525473072 0.0423728813559322
3 0.363901018922853 0.022245762711864406 0.0611353711790393 0.04449152542372881
3 0.2838427947598253 0.059322033898305086 0.06404657933042213 0.07203389830508475
3 0.18777292576419213 0.02754237288135593 0.0611353711790393 0.05508474576271186
3 0.11717612809315867 0.09110169491525423 0.06550218340611354 0.07203389830508475
1 0.8347889374090247 0.04978813559322034 0.07423580786026202 0.09957627118644068
1 0.7372634643377002 0.0614406779661017 0.06841339155749636 0.11016949152542373
1 0.36171761280931586 0.05508474576271186 0.07132459970887918 0.11016949152542373
1 0.2838427947598253 0.1048728813559322 0.06695778748180495 0.1419491525423729
1 0.19068413391557495 0.057203389830508475 0.06695778748180495 0.11016949152542373
1 0.11426491994177583 0.1239406779661017 0.06550218340611354 0.15466101694915255
