1 0.5 0.361646234676007 0.14951456310679612 0.15236427320490367
2 0.5 0.4089316987740806 0.06796116504854369 0.043782837127845885
4 0.5203883495145631 0.37828371278458844 0.062135922330097085 0.04553415061295972
1 0.7 0.16024518388791595 0.10679611650485436 0.09281961471103327
2 0.7048543689320388 0.19439579684763572 0.03495145631067961 0.021015761821366025
2 0.12330097087378641 0.3108581436077058 0.040776699029126215 0.0297723292469352
1 0.10970873786407767 0.29509632224168125 0.06796116504854369 0.07880910683012259
1 0.9466019417475728 0.37828371278458844 0.10679611650485436 0.14711033274956217
1 0.5466019417475728 0.2521891418563923 0.04854368932038835 0.06654991243432574
1 0.027184466019417475 0.27845884413309985 0.05436893203883495 0.0595446584938704
2 0.9776699029126213 0.4220665499124343 0.04466019417475728 0.06654991243432574
2 0.017475728155339806 0.28896672504378285 0.03495145631067961 0.03852889667250438
