1 0.7841163310961968 0.5880434782608696 0.40939597315436244 0.7673913043478261
1 0.5357941834451901 0.758695652173913 0.24384787472035793 0.3739130434782609
1 0.4015659955257271 0.39021739130434785 0.2483221476510067 0.3717391304347826
1 0.14541387024608501 0.1673913043478261 0.2595078299776286 0.3347826086956522
1 0.15324384787472037 0.741304347826087 0.2662192393736018 0.391304347826087
2 0.13646532438478748 0.25869565217391305 0.19686800894854586 0.1391304347826087
2 0.4105145413870246 0.4945652173913043 0.19463087248322147 0.13695652173913042
2 0.7986577181208053 0.8076086956521739 0.37583892617449666 0.3108695652173913
2 0.5682326621923938 0.8619565217391304 0.174496644295302 0.14565217391304347
7 0.14429530201342283 0.842391304347826 0.2348993288590604 0.1673913043478261
