1 0.30123927550047663 0.38952654232424677 0.16968541468064824 0.3428981348637016
1 0.7497616777883699 0.321377331420373 0.109628217349857 0.20946915351506457
2 0.3136320305052431 0.47919655667144906 0.14299332697807435 0.17216642754662842
2 0.7564346997140133 0.36944045911047346 0.08674928503336511 0.10760401721664276
1 0.5209723546234509 0.35365853658536583 0.06959008579599618 0.15064562410329985
3 0.5214489990467112 0.30918220946915353 0.0667302192564347 0.058823529411764705
1 0.8169685414680649 0.34218077474892394 0.03622497616777884 0.07317073170731707
1 0.892278360343184 0.36083213773314204 0.04003813155386082 0.07604017216642754
2 0.8179218303145853 0.3651362984218077 0.034318398474737846 0.03873744619799139
2 0.8937082936129648 0.38737446197991393 0.03908484270734033 0.043041606886657105
