1 0.35 0.5174291938997821 0.04939759036144578 0.11982570806100218
1 0.5283132530120482 0.4411764705882353 0.04939759036144578 0.11546840958605664
1 0.03975903614457831 0.5163398692810458 0.05060240963855422 0.11328976034858387
2 0.35542168674698793 0.5479302832244008 0.033734939759036145 0.05010893246187364
2 0.5246987951807229 0.48148148148148145 0.03493975903614458 0.026143790849673203
2 0.04216867469879518 0.545751633986928 0.03855421686746988 0.05010893246187364
11 0.03975903614457831 0.48474945533769065 0.05060240963855422 0.0457516339869281
12 0.5319277108433735 0.4477124183006536 0.03975903614457831 0.023965141612200435
2 0.3885542168674699 0.46949891067538124 0.02289156626506024 0.037037037037037035
1 0.38795180722891565 0.46405228758169936 0.03614457831325301 0.08714596949891068
