1 0.10478723404255319 0.5980036297640653 0.06702127659574468 0.13611615245009073
1 0.37127659574468086 0.5453720508166969 0.05531914893617021 0.12522686025408347
2 0.10372340425531915 0.632486388384755 0.05638297872340425 0.06715063520871144
2 0.37553191489361704 0.574410163339383 0.0425531914893617 0.05263157894736842
2 0.6707446808510639 0.5499092558983666 0.018085106382978722 0.021778584392014518
7 0.7723404255319148 0.5807622504537205 0.019148936170212766 0.021778584392014518
1 0.6702127659574468 0.52994555353902 0.03829787234042553 0.07622504537205081
1 0.7734042553191489 0.5662431941923775 0.027659574468085105 0.06170598911070781
4 0.1026595744680851 0.5934664246823956 0.045744680851063826 0.014519056261343012
1 0.41595744680851066 0.5553539019963702 0.029787234042553193 0.06533575317604355
1 0.8686170212765958 0.6098003629764065 0.026595744680851064 0.043557168784029036
2 0.41329787234042553 0.5671506352087115 0.018085106382978722 0.034482758620689655
2 0.8723404255319149 0.6188747731397459 0.02553191489361702 0.029038112522686024
