1 0.6306646525679759 0.11580381471389646 0.08308157099697885 0.23160762942779292
5 0.11706948640483383 0.47956403269754766 0.20090634441087613 0.2779291553133515
0 0.28323262839879154 0.5177111716621253 0.11027190332326284 0.2125340599455041
3 0.10725075528700906 0.4564032697547684 0.18731117824773413 0.23160762942779292
3 0.6283987915407855 0.0667574931880109 0.0755287009063444 0.1226158038147139
2 0.622356495468278 0.18392370572207084 0.06646525679758308 0.07901907356948229
4 0.6216012084592145 0.1307901907356948 0.05891238670694864 0.0326975476839237
1 0.2175226586102719 0.8269754768392371 0.21450151057401812 0.3188010899182561
14 0.2190332326283988 0.8256130790190735 0.2054380664652568 0.3106267029972752
0 0.33987915407854985 0.4550408719346049 0.0513595166163142 0.11989100817438691
0 0.4169184290030212 0.5040871934604905 0.06646525679758308 0.10354223433242507
0 0.8338368580060423 0.1893732970027248 0.04229607250755287 0.12806539509536785
0 0.32250755287009064 0.17983651226158037 0.07099697885196375 0.14713896457765668
14 0.9584592145015106 0.4564032697547684 0.0649546827794562 0.1444141689373297
5 0.9531722054380665 0.4427792915531335 0.06042296072507553 0.1226158038147139
