1 0.08778625954198473 0.3012658227848101 0.12213740458015267 0.21772151898734177
1 0.3816793893129771 0.30632911392405066 0.1450381679389313 0.2430379746835443
1 0.6135496183206107 0.16582278481012658 0.15458015267175573 0.3012658227848101
1 0.9379770992366412 0.35443037974683544 0.12022900763358779 0.2379746835443038
2 0.08874045801526717 0.3569620253164557 0.1049618320610687 0.09620253164556962
2 0.3797709923664122 0.3658227848101266 0.10687022900763359 0.1189873417721519
2 0.6173664122137404 0.24556962025316456 0.1316793893129771 0.1468354430379747
2 0.9437022900763359 0.4139240506329114 0.10877862595419847 0.09367088607594937
11 0.08778625954198473 0.2430379746835443 0.11068702290076336 0.09620253164556962
11 0.37690839694656486 0.2379746835443038 0.12786259541984732 0.09620253164556962
11 0.6116412213740458 0.08481012658227848 0.12786259541984732 0.1291139240506329
11 0.9398854961832062 0.2911392405063291 0.10877862595419847 0.10126582278481013
