1 0.19803370786516855 0.49432739059967584 0.1404494382022472 0.21393841166936792
1 0.8827247191011236 0.48703403565640196 0.125 0.18314424635332252
1 0.7303370786516854 0.4213938411669368 0.08426966292134831 0.12965964343598055
1 0.6587078651685393 0.3889789303079417 0.06179775280898876 0.09724473257698542
2 0.2169943820224719 0.553484602917342 0.0997191011235955 0.09238249594813615
2 0.6558988764044944 0.41247974068071314 0.056179775280898875 0.04700162074554295
2 0.7219101123595506 0.4538087520259319 0.06460674157303371 0.05834683954619125
2 0.8679775280898876 0.5364667747163695 0.0898876404494382 0.08427876823338736
2 0.4023876404494382 0.4513776337115073 0.032303370786516857 0.05348460291734198
1 0.40168539325842695 0.42787682333873583 0.0702247191011236 0.10696920583468396
