1 0.4698581560283688 0.20426829268292682 0.08628841607565012 0.17276422764227642
1 0.7299054373522459 0.17073170731707318 0.08865248226950355 0.17479674796747968
2 0.4716312056737589 0.2550813008130081 0.05673758865248227 0.06300813008130081
2 0.7192671394799054 0.22154471544715448 0.04846335697399527 0.06910569105691057
3 0.46808510638297873 0.15345528455284552 0.0851063829787234 0.07520325203252033
3 0.7281323877068558 0.11890243902439024 0.08274231678486997 0.06707317073170732
4 0.47635933806146574 0.20528455284552846 0.06855791962174941 0.028455284552845527
1 0.5768321513002365 0.19410569105691056 0.08747044917257683 0.1565040650406504
5 0.13829787234042554 0.11890243902439024 0.0591016548463357 0.10772357723577236
3 0.1388888888888889 0.08638211382113821 0.0508274231678487 0.046747967479674794
