1 0.6317365269461078 0.1523046092184369 0.08023952095808383 0.17635270541082165
1 0.49700598802395207 0.1813627254509018 0.09101796407185629 0.16633266533066132
0 0.9562874251497006 0.17234468937875752 0.06107784431137724 0.1523046092184369
1 0.07245508982035928 0.1462925851703407 0.08982035928143713 0.18837675350701402
2 0.6215568862275449 0.20140280561122245 0.055089820359281436 0.06613226452905811
2 0.08502994011976048 0.19138276553106212 0.05029940119760479 0.06613226452905811
2 0.4748502994011976 0.22344689378757515 0.04431137724550898 0.06212424849699399
3 0.06766467065868263 0.10020040080160321 0.08263473053892216 0.0841683366733467
3 0.6287425149700598 0.1092184368737475 0.081437125748503 0.09418837675350701
4 0.08323353293413174 0.1462925851703407 0.07544910179640718 0.04408817635270541
2 0.792814371257485 0.3346693386773547 0.059880239520958084 0.06813627254509018
2 0.7335329341317365 0.280561122244489 0.04431137724550898 0.07615230460921844
1 0.7862275449101797 0.29158316633266534 0.08502994011976048 0.15831663326653306
1 0.7383233532934131 0.24549098196392785 0.06826347305389222 0.1342685370741483
