1 0.13176638176638178 0.7264957264957265 0.24643874643874644 0.3384615384615385
1 0.4829059829059829 0.40683760683760684 0.17663817663817663 0.27008547008547007
1 0.8475783475783476 0.4948717948717949 0.20512820512820512 0.28888888888888886
2 0.15669515669515668 0.7897435897435897 0.18233618233618235 0.20170940170940171
2 0.4943019943019943 0.48205128205128206 0.1282051282051282 0.12307692307692308
2 0.8497150997150997 0.5521367521367522 0.16666666666666666 0.15726495726495726
13 0.4821937321937322 0.42735042735042733 0.1752136752136752 0.2358974358974359
13 0.12891737891737892 0.7538461538461538 0.24074074074074073 0.27692307692307694
13 0.8461538461538461 0.5017094017094017 0.20512820512820512 0.2717948717948718
11 0.11396011396011396 0.6316239316239316 0.21082621082621084 0.14188034188034188
4 0.11965811965811966 0.7170940170940171 0.1623931623931624 0.14188034188034188
4 0.8269230769230769 0.4717948717948718 0.13817663817663817 0.08888888888888889
