1 0.12144212523719165 0.21363636363636362 0.22770398481973433 0.30454545454545456
1 0.4658444022770398 0.19545454545454546 0.1954459203036053 0.3
1 0.9222011385199241 0.2988636363636364 0.11005692599620494 0.225
2 0.16793168880455409 0.2988636363636364 0.127134724857685 0.1340909090909091
2 0.4810246679316888 0.3 0.11195445920303605 0.09545454545454546
2 0.9212523719165086 0.3693181818181818 0.08159392789373814 0.075
11 0.11954459203036052 0.175 0.22770398481973433 0.21818181818181817
11 0.4573055028462998 0.13068181818181818 0.18975332068311196 0.16590909090909092
11 0.9184060721062619 0.24545454545454545 0.10246679316888045 0.11363636363636363
12 0.5170777988614801 0.23522727272727273 0.1157495256166983 0.07045454545454545
