1 0.5546683046683046 0.40427509293680297 0.17813267813267813 0.39219330855018586
1 0.9127764127764127 0.2555762081784387 0.14496314496314497 0.3141263940520446
2 0.5632678132678133 0.5102230483271375 0.11425061425061425 0.17286245353159851
2 0.9121621621621622 0.3336431226765799 0.09213759213759214 0.15055762081784388
3 0.5491400491400491 0.2862453531598513 0.16953316953316952 0.1524163568773234
3 0.46621621621621623 0.09665427509293681 0.11425061425061425 0.10408921933085502
3 0.7272727272727273 0.08271375464684015 0.08845208845208845 0.08736059479553904
2 0.7334152334152334 0.21096654275092938 0.08108108108108109 0.09107806691449814
2 0.44963144963144963 0.23327137546468402 0.08845208845208845 0.120817843866171
1 0.4619164619164619 0.16171003717472118 0.12285012285012285 0.241635687732342
1 0.7346437346437347 0.14591078066914498 0.09336609336609336 0.2100371747211896
