1 0.16380952380952382 0.6929657794676806 0.32761904761904764 0.5570342205323194
1 0.38952380952380955 0.6017110266159695 0.30666666666666664 0.33269961977186313
1 0.36952380952380953 0.15874524714828897 0.26666666666666666 0.2984790874524715
1 0.6704761904761904 0.0779467680608365 0.19047619047619047 0.155893536121673
1 0.8533333333333334 0.37832699619771865 0.2895238095238095 0.2737642585551331
2 0.16952380952380952 0.8060836501901141 0.2742857142857143 0.2965779467680608
2 0.40476190476190477 0.22338403041825095 0.18095238095238095 0.16159695817490494
2 0.6961904761904761 0.09125475285171103 0.11238095238095239 0.11787072243346007
2 0.9342857142857143 0.4134980988593156 0.11238095238095239 0.1920152091254753
2 0.43333333333333335 0.6511406844106464 0.1961904761904762 0.1958174904942966
11 0.13142857142857142 0.532319391634981 0.259047619047619 0.22433460076045628
11 0.3495238095238095 0.11026615969581749 0.22666666666666666 0.19771863117870722
11 0.6533333333333333 0.05038022813688213 0.14095238095238094 0.10076045627376426
11 0.8076190476190476 0.36311787072243346 0.1980952380952381 0.23193916349809887
