6 0.7591431556948798 0.2804878048780488 0.1180773249738767 0.2607879924953096
1 0.47648902821316613 0.43058161350844276 0.11912225705329153 0.2795497185741088
1 0.11337513061650993 0.4774859287054409 0.12225705329153605 0.23827392120075047
2 0.764367816091954 0.35834896810506567 0.09090909090909091 0.10131332082551595
2 0.48171368861024033 0.50093808630394 0.08986415882967608 0.10131332082551595
4 0.14106583072100312 0.48405253283302063 0.0522466039707419 0.0525328330206379
4 0.49111807732497387 0.4446529080675422 0.08568443051201671 0.0450281425891182
11 0.47596656217345873 0.3780487804878049 0.1180773249738767 0.17073170731707318
11 0.7565308254963428 0.21575984990619138 0.11076280041797283 0.1200750469043152
7 0.1400208986415883 0.5431519699812383 0.06060606060606061 0.09568480300187618
18 0.11337513061650993 0.4793621013133208 0.12434691745036573 0.23452157598499063
