1 0.11304347826086956 0.43238434163701067 0.1072463768115942 0.17793594306049823
1 0.26304347826086955 0.5373665480427047 0.09130434782608696 0.16370106761565836
1 0.4572463768115942 0.445729537366548 0.1 0.18327402135231316
1 0.6826086956521739 0.5596085409252669 0.11014492753623188 0.16903914590747332
1 0.8746376811594203 0.4750889679715303 0.12028985507246377 0.16725978647686832
7 0.26304347826086955 0.5782918149466192 0.07681159420289856 0.0711743772241993
7 0.10942028985507246 0.4679715302491103 0.09420289855072464 0.08185053380782918
7 0.45869565217391306 0.48398576512455516 0.09130434782608696 0.08896797153024912
7 0.6818840579710145 0.5987544483985765 0.10289855072463767 0.08362989323843416
7 0.8724637681159421 0.5115658362989324 0.11014492753623188 0.09074733096085409
