1 0.8201402805611222 0.16276978417266186 0.08316633266533066 0.18884892086330934
1 0.3782565130260521 0.44244604316546765 0.0871743486973948 0.17625899280575538
1 0.23997995991983967 0.4613309352517986 0.10521042084168336 0.2787769784172662
2 0.26302605210420843 0.5350719424460432 0.05511022044088176 0.12050359712230216
2 0.3872745490981964 0.48381294964028776 0.061122244488977955 0.08633093525179857
2 0.8081162324649298 0.20593525179856115 0.0531062124248497 0.09532374100719425
13 0.38527054108216435 0.40827338129496404 0.061122244488977955 0.11151079136690648
13 0.24498997995991983 0.4001798561151079 0.09519038076152304 0.13848920863309352
4 0.2565130260521042 0.4613309352517986 0.04809619238476954 0.044964028776978415
4 0.3872745490981964 0.42985611510791366 0.041082164328657314 0.03597122302158273
11 0.19589178356713427 0.4316546762589928 0.11923847695390781 0.18705035971223022
11 0.34769539078156314 0.4244604316546763 0.09018036072144289 0.14028776978417265
13 0.7384769539078156 0.25719424460431656 0.04408817635270541 0.07553956834532374
7 0.7404809619238477 0.2670863309352518 0.03006012024048096 0.023381294964028777
11 0.7404809619238477 0.2131294964028777 0.03807615230460922 0.03776978417266187
1 0.7409819639278558 0.23471223021582735 0.04909819639278557 0.10251798561151079
