1 0.16501240694789082 0.10521042084168336 0.1141439205955335 0.1903807615230461
1 0.7115384615384616 0.5350701402805611 0.13027295285359802 0.2685370741482966
5 0.8691066997518611 0.5541082164328658 0.11786600496277916 0.2545090180360721
5 0.3356079404466501 0.08016032064128256 0.1228287841191067 0.14829659318637275
7 0.17431761786600497 0.1312625250501002 0.08312655086848635 0.11422845691382766
7 0.7202233250620348 0.6082164328657315 0.08312655086848635 0.10220440881763528
14 0.8542183622828784 0.5420841683366734 0.13771712158808933 0.25851703406813625
14 0.684863523573201 0.533066132264529 0.18114143920595532 0.2725450901803607
14 0.33312655086848636 0.07915831663326653 0.11042183622828784 0.1462925851703407
9 0.35173697270471466 0.03507014028056112 0.07568238213399504 0.04609218436873747
1 0.8759305210918115 0.2124248496993988 0.14392059553349876 0.280561122244489
7 0.9075682382133995 0.3016032064128257 0.06823821339950373 0.0781563126252505
14 0.8616625310173698 0.2374749498997996 0.16253101736972705 0.31462925851703405
