1 0.3185404339250493 0.2963917525773196 0.1203155818540434 0.1323024054982818
1 0.5443786982248521 0.35738831615120276 0.11834319526627218 0.11683848797250859
1 0.8126232741617357 0.32646048109965636 0.126232741617357 0.10309278350515463
2 0.5483234714003945 0.3865979381443299 0.09072978303747535 0.044673539518900345
2 0.3096646942800789 0.3290378006872852 0.08678500986193294 0.06013745704467354
2 0.8047337278106509 0.35223367697594504 0.08284023668639054 0.044673539518900345
13 0.5443786982248521 0.35738831615120276 0.10256410256410256 0.09965635738831616
13 0.3145956607495069 0.29982817869415807 0.11637080867850098 0.10824742268041238
13 0.8057199211045365 0.33505154639175255 0.09664694280078895 0.07560137457044673
9 0.5512820512820513 0.3582474226804124 0.08086785009861933 0.02577319587628866
