1 0.10686274509803921 0.4990476190476191 0.11176470588235295 0.14857142857142858
1 0.2068627450980392 0.41714285714285715 0.11568627450980393 0.14095238095238094
1 0.4362745098039216 0.4419047619047619 0.12352941176470589 0.14476190476190476
1 0.6088235294117647 0.4580952380952381 0.11568627450980393 0.14285714285714285
1 0.7676470588235295 0.45904761904761904 0.11176470588235295 0.16380952380952382
1 0.8637254901960785 0.4561904761904762 0.08823529411764706 0.11238095238095239
2 0.11176470588235295 0.5304761904761904 0.10196078431372549 0.05904761904761905
2 0.20980392156862746 0.44666666666666666 0.09019607843137255 0.05142857142857143
2 0.4441176470588235 0.4695238095238095 0.09215686274509804 0.07047619047619047
2 0.6068627450980392 0.4819047619047619 0.09607843137254903 0.07238095238095238
2 0.7745098039215687 0.5009523809523809 0.09411764705882353 0.06857142857142857
2 0.8637254901960785 0.4828571428571429 0.0803921568627451 0.047619047619047616
4 0.45588235294117646 0.4266666666666667 0.08431372549019608 0.0380952380952381
4 0.8627450980392157 0.4438095238095238 0.07058823529411765 0.03428571428571429
