1 0.4789674952198853 0.16112531969309463 0.13957934990439771 0.2506393861892583
1 0.737093690248566 0.13682864450127877 0.15105162523900573 0.2531969309462916
2 0.4770554493307839 0.22122762148337596 0.11663479923518165 0.12020460358056266
2 0.7323135755258127 0.19053708439897699 0.11854684512428298 0.13554987212276215
11 0.4751434034416826 0.10613810741687979 0.14722753346080306 0.16624040920716113
15 0.739961759082218 0.07289002557544758 0.13766730401529637 0.12531969309462915
4 0.7332695984703633 0.11636828644501279 0.12045889101338432 0.04859335038363171
2 0.9741873804971319 0.27877237851662406 0.04780114722753346 0.05115089514066496
11 0.9722753346080306 0.1918158567774936 0.055449330783938815 0.09207161125319693
1 0.9694072657743786 0.2186700767263427 0.06118546845124283 0.17647058823529413
