1 0.911578947368421 0.3288409703504043 0.16842105263157894 0.3611859838274933
1 0.5073684210526316 0.32345013477088946 0.1726315789473684 0.3018867924528302
1 0.29157894736842105 0.3504043126684636 0.14947368421052631 0.2641509433962264
1 0.12105263157894737 0.31536388140161725 0.12842105263157894 0.18867924528301888
2 0.9189473684210526 0.4191374663072776 0.16210526315789472 0.16442048517520216
7 0.27157894736842103 0.41509433962264153 0.10105263157894737 0.11859838274932614
7 0.11157894736842106 0.3665768194070081 0.10105263157894737 0.09164420485175202
7 0.4905263157894737 0.40161725067385445 0.13052631578947368 0.16172506738544473
4 0.4768421052631579 0.3194070080862534 0.10736842105263159 0.0673854447439353
1 0.6231578947368421 0.27897574123989216 0.08421052631578947 0.1752021563342318
1 0.7884210526315789 0.27088948787061995 0.061052631578947365 0.18059299191374664
1 0.39052631578947367 0.27628032345013476 0.04842105263157895 0.11590296495956873
1 0.06842105263157895 0.20215633423180593 0.08210526315789474 0.1293800539083558
7 0.6189473684210526 0.3221024258760108 0.05473684210526316 0.07277628032345014
7 0.8 0.3045822102425876 0.03368421052631579 0.07008086253369272
7 0.09052631578947369 0.23315363881401618 0.02526315789473684 0.02425876010781671
4 0.8010526315789473 0.2641509433962264 0.04421052631578947 0.03773584905660377
4 0.09473684210526316 0.21428571428571427 0.037894736842105266 0.029649595687331536
