1 0.24822190611664297 0.4235181644359465 0.12091038406827881 0.1931166347992352
1 0.4096728307254623 0.30019120458891013 0.10810810810810811 0.17590822179732313
1 0.5341394025604552 0.4005736137667304 0.11522048364153627 0.1931166347992352
1 0.6749644381223329 0.30401529636711283 0.10099573257467995 0.17973231357552583
1 0.8172119487908962 0.4627151051625239 0.11806543385490754 0.21032504780114722
7 0.2496443812233286 0.47036328871892924 0.10384068278805121 0.08795411089866156
7 0.4061166429587482 0.3384321223709369 0.09815078236130868 0.09177820267686425
7 0.5376955903271693 0.43881453154875716 0.09957325746799431 0.10516252390057361
7 0.670697012802276 0.3365200764818356 0.09246088193456614 0.10707456978967496
7 0.8165007112375533 0.5105162523900574 0.11379800853485064 0.10707456978967496
4 0.8129445234708392 0.4521988527724665 0.0953058321479374 0.04397705544933078
1 0.2581792318634424 0.30879541108986613 0.0953058321479374 0.14340344168260039
7 0.2546230440967283 0.3317399617590822 0.07681365576102418 0.040152963671128104
