1 0.6505263157894737 0.5389294403892944 0.15157894736842106 0.20194647201946472
1 0.34210526315789475 0.5352798053527981 0.14947368421052631 0.22871046228710462
1 0.8294736842105264 0.4391727493917275 0.07157894736842105 0.1386861313868613
2 0.3410526315789474 0.5985401459854015 0.12210526315789473 0.08759124087591241
2 0.671578947368421 0.5875912408759124 0.10526315789473684 0.0851581508515815
7 0.8273684210526315 0.46472019464720193 0.06315789473684211 0.0535279805352798
1 0.4494736842105263 0.40145985401459855 0.07368421052631578 0.09732360097323602
2 0.4568421052631579 0.4197080291970803 0.05894736842105263 0.0364963503649635
1 0.07263157894736842 0.45742092457420924 0.1368421052631579 0.15085158150851583
1 0.2505263157894737 0.41605839416058393 0.09263157894736843 0.12165450121654502
1 0.6094736842105263 0.34306569343065696 0.061052631578947365 0.09245742092457421
1 0.6810526315789474 0.3199513381995134 0.056842105263157895 0.0851581508515815
1 0.7789473684210526 0.2737226277372263 0.05052631578947368 0.06569343065693431
1 0.8368421052631579 0.26520681265206814 0.04842105263157895 0.06326034063260341
1 0.8873684210526316 0.35766423357664234 0.04421052631578947 0.0827250608272506
1 0.7536842105263157 0.4537712895377129 0.11368421052631579 0.14841849148418493
1 0.43894736842105264 0.0535279805352798 0.06947368421052631 0.09245742092457421
1 0.9431578947368421 0.09610705596107055 0.06315789473684211 0.09002433090024331
2 0.10736842105263159 0.49635036496350365 0.0968421052631579 0.072992700729927
2 0.25894736842105265 0.45012165450121655 0.05894736842105263 0.043795620437956206
2 0.6126315789473684 0.3686131386861314 0.06315789473684211 0.046228710462287104
2 0.4305263157894737 0.06326034063260341 0.05263157894736842 0.038929440389294405
2 0.6768421052631579 0.33941605839416056 0.04842105263157895 0.046228710462287104
2 0.7768421052631579 0.2871046228710462 0.042105263157894736 0.043795620437956206
2 0.8378947368421052 0.28102189781021897 0.037894736842105266 0.0413625304136253
2 0.9473684210526315 0.1192214111922141 0.05473684210526316 0.043795620437956206
2 0.8873684210526316 0.36982968369829683 0.04421052631578947 0.043795620437956206
2 0.7757894736842105 0.4975669099756691 0.056842105263157895 0.06082725060827251
