1 0.5406862745098039 0.30288461538461536 0.07549019607843137 0.1794871794871795
1 0.42254901960784313 0.2676282051282051 0.1 0.1891025641025641
1 0.24950980392156863 0.1201923076923077 0.14019607843137255 0.23717948717948717
1 0.8411764705882353 0.5873397435897436 0.20980392156862746 0.3541666666666667
1 0.7014705882352941 0.3629807692307692 0.07156862745098039 0.15224358974358973
7 0.40980392156862744 0.3141025641025641 0.06862745098039216 0.09294871794871795
7 0.538235294117647 0.35176282051282054 0.06274509803921569 0.07532051282051282
2 0.6970588235294117 0.40544871794871795 0.047058823529411764 0.04807692307692308
2 0.2676470588235294 0.16025641025641027 0.08431372549019608 0.13782051282051283
12 0.7906862745098039 0.6161858974358975 0.12058823529411765 0.09775641025641026
18 0.8514705882352941 0.5673076923076923 0.22058823529411764 0.358974358974359
