1 0.7956777996070727 0.28631756756756754 0.137524557956778 0.15371621621621623
1 0.3192534381139489 0.2668918918918919 0.11984282907662082 0.13513513513513514
2 0.3074656188605108 0.2964527027027027 0.07662082514734773 0.05912162162162162
2 0.7888015717092338 0.3310810810810811 0.08840864440078586 0.06418918918918919
4 0.7848722986247544 0.2922297297297297 0.08447937131630648 0.033783783783783786
3 0.7917485265225933 0.24493243243243243 0.14145383104125736 0.06756756756756757
3 0.5314341846758349 0.32432432432432434 0.060903732809430254 0.02702702702702703
3 0.15520628683693516 0.28040540540540543 0.043222003929273084 0.02364864864864865
3 0.9223968565815324 0.3141891891891892 0.06483300589390963 0.030405405405405407
7 0.41453831041257366 0.28209459459459457 0.0550098231827112 0.04054054054054054
7 0.15618860510805502 0.31165540540540543 0.03732809430255403 0.011824324324324325
7 0.518664047151277 0.3547297297297297 0.043222003929273084 0.037162162162162164
7 0.9273084479371316 0.3547297297297297 0.05108055009823183 0.037162162162162164
1 0.15618860510805502 0.29307432432432434 0.05304518664047151 0.052364864864864864
1 0.4106090373280943 0.26013513513513514 0.06679764243614932 0.0945945945945946
1 0.5284872298624754 0.3403716216216216 0.07858546168958742 0.06587837837837837
1 0.9273084479371316 0.33614864864864863 0.06679764243614932 0.08445945945945946
