1 0.5083333333333333 0.44730679156908665 0.08333333333333333 0.1451990632318501
18 0.505 0.4414519906323185 0.08 0.14285714285714285
12 0.5025 0.4648711943793911 0.06166666666666667 0.04918032786885246
2 0.20333333333333334 0.5011709601873536 0.02 0.0234192037470726
2 0.7858333333333334 0.6733021077283372 0.018333333333333333 0.0351288056206089
1 0.3433333333333333 0.5011709601873536 0.07333333333333333 0.12177985948477751
1 0.18666666666666668 0.4672131147540984 0.06 0.11475409836065574
1 0.8083333333333333 0.6288056206088993 0.07666666666666666 0.11943793911007025
1 0.7875 0.45433255269320844 0.045 0.09836065573770492
1 0.0675 0.4637002341920375 0.035 0.07962529274004684
12 0.06833333333333333 0.47423887587822017 0.03 0.02576112412177986
12 0.20833333333333334 0.4765807962529274 0.02 0.03981264637002342
12 0.37416666666666665 0.5257611241217799 0.018333333333333333 0.03981264637002342
12 0.795 0.446135831381733 0.023333333333333334 0.02576112412177986
2 0.07 0.48360655737704916 0.02666666666666667 0.02576112412177986
2 0.7966666666666666 0.47306791569086654 0.02666666666666667 0.02810304449648712
18 0.18333333333333332 0.4637002341920375 0.06333333333333334 0.13114754098360656
18 0.06833333333333333 0.468384074941452 0.04 0.08899297423887588
18 0.3425 0.49882903981264637 0.075 0.1358313817330211
18 0.7825 0.4449648711943794 0.041666666666666664 0.09836065573770492
