1 0.39006211180124223 0.26910569105691057 0.25093167701863356 0.47317073170731705
5 0.16273291925465838 0.49349593495934957 0.3204968944099379 0.6
5 0.8024844720496894 0.23252032520325203 0.17888198757763976 0.383739837398374
0 0.6608695652173913 0.2601626016260163 0.20372670807453416 0.4032520325203252
2 0.4360248447204969 0.3902439024390244 0.15403726708074533 0.21788617886178863
15 0.1608695652173913 0.3357723577235772 0.3142857142857143 0.27154471544715447
3 0.8055900621118013 0.13333333333333333 0.1701863354037267 0.191869918699187
5 0.9515527950310559 0.2577235772357724 0.09440993788819876 0.24552845528455283
5 0.877639751552795 0.2967479674796748 0.115527950310559 0.3008130081300813
3 0.9614906832298137 0.21300813008130082 0.07204968944099378 0.13333333333333333
3 0.9074534161490683 0.19349593495934958 0.06086956521739131 0.1073170731707317
4 0.8956521739130435 0.31626016260162604 0.08198757763975155 0.06991869918699187
