1 0.19714285714285715 0.5477855477855478 0.2838095238095238 0.48951048951048953
1 0.2123809523809524 0.1247086247086247 0.17333333333333334 0.2494172494172494
1 0.5266666666666666 0.26223776223776224 0.14285714285714285 0.21678321678321677
1 0.7257142857142858 0.4405594405594406 0.14476190476190476 0.2331002331002331
1 0.9095238095238095 0.5431235431235432 0.18095238095238095 0.2703962703962704
2 0.21714285714285714 0.6666666666666666 0.2438095238095238 0.2517482517482518
2 0.22 0.16783216783216784 0.12380952380952381 0.14918414918414918
2 0.5123809523809524 0.3146853146853147 0.11047619047619048 0.10256410256410256
2 0.7314285714285714 0.4988344988344988 0.11428571428571428 0.10722610722610723
3 0.5285714285714286 0.2097902097902098 0.13904761904761906 0.11188811188811189
3 0.9057142857142857 0.4568764568764569 0.17714285714285713 0.11188811188811189
11 0.20761904761904762 0.3962703962703963 0.26285714285714284 0.19114219114219114
11 0.2123809523809524 0.055944055944055944 0.16952380952380952 0.11188811188811189
11 0.7266666666666667 0.3706293706293706 0.13523809523809524 0.09324009324009325
