1 0.819000819000819 0.5536779324055666 0.11302211302211303 0.36381709741550694
1 0.5098280098280098 0.5616302186878728 0.11711711711711711 0.3797216699801193
2 0.5266175266175266 0.6361829025844931 0.07534807534807535 0.20278330019880716
2 0.8341523341523341 0.6411530815109344 0.07780507780507781 0.18091451292246521
14 0.49344799344799345 0.610337972166998 0.14332514332514332 0.4850894632206759
14 0.8005733005733006 0.617296222664016 0.15315315315315314 0.49502982107355864
14 0.29934479934479935 0.5934393638170974 0.13677313677313677 0.268389662027833
1 0.3235053235053235 0.5964214711729622 0.09009009009009009 0.2783300198807157
4 0.3493038493038493 0.6441351888667992 0.03194103194103194 0.055666003976143144
7 0.3357903357903358 0.679920477137177 0.044226044226044224 0.07554671968190854
7 0.895986895986896 0.5596421471172962 0.04586404586404586 0.11332007952286283
1 0.8939393939393939 0.49801192842942343 0.05323505323505324 0.2286282306163022
14 0.06060606060606061 0.6719681908548708 0.1162981162981163 0.6401590457256461
2 0.10851760851760851 0.6888667992047713 0.049959049959049956 0.17693836978131214
