1 0.3252569750367107 0.5641304347826087 0.20704845814977973 0.44130434782608696
6 0.6659324522760646 0.32065217391304346 0.1130690161527166 0.20652173913043478
6 0.5293685756240822 0.31956521739130433 0.07782672540381791 0.1391304347826087
2 0.31644640234948607 0.6630434782608695 0.18649045521292218 0.20869565217391303
2 0.6497797356828194 0.3695652173913043 0.07195301027900147 0.1
2 0.5168869309838473 0.36195652173913045 0.049926578560939794 0.05
4 0.513215859030837 0.31630434782608696 0.04552129221732746 0.03260869565217391
7 0.012481644640234948 0.43478260869565216 0.024963289280469897 0.11739130434782609
7 0.2422907488986784 0.3673913043478261 0.02936857562408223 0.034782608695652174
1 0.05947136563876652 0.35108695652173916 0.11013215859030837 0.27608695652173915
1 0.2444933920704846 0.34130434782608693 0.048458149779735685 0.09565217391304348
