1 0.7750511247443763 0.2102803738317757 0.130879345603272 0.14641744548286603
1 0.5245398773006135 0.17133956386292834 0.09611451942740286 0.09657320872274143
1 0.6186094069529653 0.16666666666666666 0.1083844580777096 0.11214953271028037
1 0.05521472392638037 0.17679127725856697 0.10633946830265849 0.16043613707165108
7 0.6063394683026585 0.19003115264797507 0.07975460122699386 0.059190031152647975
2 0.049079754601226995 0.22741433021806853 0.081799591002045 0.04984423676012461
2 0.7586912065439673 0.2484423676012461 0.081799591002045 0.0514018691588785
2 0.523517382413088 0.18457943925233644 0.06952965235173825 0.04205607476635514
1 0.2842535787321063 0.1277258566978193 0.044989775051124746 0.04672897196261682
7 0.29243353783231085 0.14018691588785046 0.028629856850715747 0.01557632398753894
