1 0.5657142857142857 0.6946107784431138 0.5333333333333333 0.5718562874251497
1 0.2638095238095238 0.25 0.1619047619047619 0.16167664670658682
1 0.1361904761904762 0.5134730538922155 0.26476190476190475 0.26047904191616766
1 0.4266666666666667 0.1998502994011976 0.1295238095238095 0.13622754491017963
1 0.6342857142857142 0.30164670658682635 0.14095238095238094 0.14520958083832336
6 0.8819047619047619 0.35254491017964074 0.22095238095238096 0.4176646706586826
2 0.5628571428571428 0.8532934131736527 0.4742857142857143 0.25748502994011974
2 0.15428571428571428 0.5815868263473054 0.2019047619047619 0.1122754491017964
2 0.2761904761904762 0.29565868263473055 0.12571428571428572 0.061377245508982034
2 0.4238095238095238 0.23053892215568864 0.09333333333333334 0.059880239520958084
2 0.6419047619047619 0.3375748502994012 0.10666666666666667 0.07335329341317365
2 0.8742857142857143 0.48577844311377244 0.19047619047619047 0.12125748502994012
11 0.14 0.4865269461077844 0.26857142857142857 0.19461077844311378
11 0.5647619047619048 0.5576347305389222 0.5352380952380953 0.3008982035928144
11 0.6390476190476191 0.2634730538922156 0.14285714285714285 0.0748502994011976
11 0.4180952380952381 0.16167664670658682 0.11238095238095239 0.0658682634730539
11 0.26761904761904765 0.21332335329341318 0.15428571428571428 0.07335329341317365
11 0.8876190476190476 0.2275449101796407 0.2019047619047619 0.15568862275449102
