1 0.4053763440860215 0.3096774193548387 0.17849462365591398 0.24516129032258063
1 0.5860215053763441 0.3763440860215054 0.12258064516129032 0.18064516129032257
6 0.9204301075268817 0.30752688172043013 0.15483870967741936 0.3010752688172043
1 0.07311827956989247 0.4397849462365591 0.12473118279569892 0.25591397849462366
2 0.4204301075268817 0.3741935483870968 0.10967741935483871 0.11182795698924732
2 0.9311827956989247 0.3967741935483871 0.13763440860215054 0.1053763440860215
2 0.07204301075268817 0.513978494623656 0.11827956989247312 0.10752688172043011
2 0.5806451612903226 0.42258064516129035 0.0989247311827957 0.06666666666666667
4 0.5913978494623656 0.3903225806451613 0.09032258064516129 0.04086021505376344
11 0.9236559139784947 0.22795698924731184 0.14838709677419354 0.13763440860215054
11 0.5860215053763441 0.32903225806451614 0.11397849462365592 0.07741935483870968
11 0.4161290322580645 0.24301075268817204 0.14408602150537633 0.0989247311827957
11 0.07311827956989247 0.3720430107526882 0.12473118279569892 0.10752688172043011
