1 0.3118279569892473 0.12391304347826088 0.09523809523809523 0.1826086956521739
5 0.5729646697388633 0.18043478260869567 0.09523809523809523 0.1565217391304348
2 0.3187403993855607 0.15 0.06605222734254992 0.08695652173913043
14 0.5737327188940092 0.1793478260869565 0.13671274961597543 0.14565217391304347
14 0.3187403993855607 0.13695652173913042 0.1152073732718894 0.1608695652173913
3 0.32181259600614437 0.06304347826086956 0.11827956989247312 0.0782608695652174
14 0.07834101382488479 0.1967391304347826 0.09523809523809523 0.1282608695652174
14 0.2227342549923195 0.17717391304347826 0.04608294930875576 0.10652173913043478
5 0.08141321044546851 0.1815217391304348 0.06758832565284179 0.10217391304347827
5 0.2227342549923195 0.16956521739130434 0.021505376344086023 0.08260869565217391
