1 0.6314699792960663 0.4819078947368421 0.11180124223602485 0.09868421052631579
6 0.4720496894409938 0.4613486842105263 0.09937888198757763 0.10032894736842106
7 0.6221532091097308 0.5057565789473685 0.060041407867494824 0.03782894736842105
2 0.4865424430641822 0.48848684210526316 0.033126293995859216 0.019736842105263157
3 0.6283643892339544 0.4621710526315789 0.12215320910973085 0.05592105263157895
6 0.044513457556935816 0.5723684210526315 0.051759834368530024 0.05592105263157895
7 0.036231884057971016 0.5912828947368421 0.022774327122153208 0.018092105263157895
7 0.2587991718426501 0.578125 0.037267080745341616 0.03453947368421053
1 0.045548654244306416 0.5723684210526315 0.057971014492753624 0.06907894736842106
1 0.2567287784679089 0.571546052631579 0.045548654244306416 0.054276315789473686
