1 0.5084635416666666 0.4388235294117647 0.15755208333333334 0.32235294117647056
1 0.11458333333333333 0.22588235294117648 0.20572916666666666 0.4423529411764706
1 0.8326822916666666 0.4541176470588235 0.10546875 0.23529411764705882
7 0.10611979166666667 0.34941176470588237 0.16015625 0.17647058823529413
7 0.533203125 0.5011764705882353 0.08463541666666667 0.17882352941176471
7 0.8502604166666666 0.5058823529411764 0.059895833333333336 0.10823529411764705
4 0.5481770833333334 0.41411764705882353 0.0625 0.08
3 0.4993489583333333 0.32588235294117646 0.19921875 0.17647058823529413
1 0.6673177083333334 0.38823529411764707 0.10286458333333333 0.2447058823529412
7 0.6705729166666666 0.4788235294117647 0.057291666666666664 0.08705882352941176
4 0.6647135416666666 0.43411764705882355 0.07161458333333333 0.05411764705882353
