1 0.8666191155492154 0.36212624584717606 0.09272467902995721 0.15282392026578073
1 0.2746077032810271 0.3438538205980066 0.09272467902995721 0.14950166112956811
1 0.03138373751783167 0.4426910299003322 0.05706134094151213 0.09800664451827243
1 0.6426533523537803 0.43023255813953487 0.05563480741797432 0.08305647840531562
2 0.2746077032810271 0.3787375415282392 0.06704707560627675 0.059800664451827246
2 0.02781740370898716 0.46096345514950166 0.04992867332382311 0.044850498338870434
2 0.8673323823109843 0.4003322259136213 0.07132667617689016 0.06976744186046512
2 0.6469329529243937 0.45348837209302323 0.03566333808844508 0.03322259136212625
15 0.275320970042796 0.3122923588039867 0.08559201141226819 0.07308970099667775
15 0.8673323823109843 0.31561461794019935 0.08559201141226819 0.053156146179401995
4 0.6426533523537803 0.43106312292358806 0.0442225392296719 0.03156146179401993
4 0.8687589158345221 0.36212624584717606 0.06562054208273894 0.036544850498338874
15 0.6469329529243937 0.40448504983388706 0.03851640513552068 0.024916943521594685
1 0.7211126961483595 0.43023255813953487 0.0442225392296719 0.06976744186046512
1 0.4243937232524964 0.45598006644518274 0.04992867332382311 0.07807308970099668
1 0.550641940085592 0.43272425249169433 0.03138373751783167 0.06478405315614617
2 0.4243937232524964 0.47259136212624586 0.0442225392296719 0.03488372093023256
7 0.5520684736091298 0.44933554817275745 0.025677603423680456 0.018272425249169437
7 0.7232524964336662 0.4410299003322259 0.034236804564907276 0.02823920265780731
