1 0.5922053231939164 0.37523809523809526 0.14258555133079848 0.17523809523809525
1 0.4524714828897338 0.2580952380952381 0.11406844106463879 0.16952380952380952
1 0.905893536121673 0.3038095238095238 0.14258555133079848 0.17333333333333334
1 0.3288973384030418 0.46285714285714286 0.24714828897338403 0.2742857142857143
2 0.33745247148288976 0.559047619047619 0.13498098859315588 0.07047619047619047
2 0.5931558935361216 0.4142857142857143 0.10646387832699619 0.07428571428571429
2 0.4600760456273764 0.3019047619047619 0.08745247148288973 0.07428571428571429
2 0.9011406844106464 0.3466666666666667 0.10266159695817491 0.07238095238095238
11 0.45817490494296575 0.21904761904761905 0.11787072243346007 0.09142857142857143
11 0.9039923954372624 0.2619047619047619 0.1311787072243346 0.08952380952380952
11 0.3279467680608365 0.4142857142857143 0.2338403041825095 0.18857142857142858
11 0.591254752851711 0.3438095238095238 0.14068441064638784 0.11238095238095239
4 0.47338403041825095 0.2561904761904762 0.07604562737642585 0.03238095238095238
4 0.6017110266159695 0.379047619047619 0.10836501901140684 0.05714285714285714
5 0.4686311787072243 0.7514285714285714 0.10456273764258556 0.12
5 0.7186311787072244 0.94 0.19011406844106463 0.11238095238095239
11 0.7129277566539924 0.9742857142857143 0.18250950570342206 0.04380952380952381
2 0.9714828897338403 0.41619047619047617 0.053231939163498096 0.08952380952380952
11 0.9809885931558935 0.3028571428571429 0.03802281368821293 0.07238095238095238
1 0.970532319391635 0.3657142857142857 0.055133079847908745 0.19428571428571428
0 0.4619771863117871 0.7571428571428571 0.09885931558935361 0.10095238095238095
