1 0.5210970464135021 0.3002336448598131 0.17721518987341772 0.24065420560747663
1 0.16666666666666666 0.3294392523364486 0.16455696202531644 0.2523364485981308
2 0.19936708860759494 0.40654205607476634 0.09071729957805907 0.09345794392523364
2 0.5210970464135021 0.3773364485981308 0.0970464135021097 0.04906542056074766
4 0.5611814345991561 0.36098130841121495 0.08438818565400844 0.035046728971962614
5 0.7426160337552743 0.26869158878504673 0.2320675105485232 0.2383177570093458
2 0.6508438818565401 0.0455607476635514 0.052742616033755275 0.04906542056074766
2 0.9324894514767933 0.056074766355140186 0.05907172995780591 0.06074766355140187
18 0.739451476793249 0.2546728971962617 0.22573839662447256 0.2523364485981308
18 0.6392405063291139 0.036214953271028034 0.0970464135021097 0.07242990654205607
18 0.9409282700421941 0.0514018691588785 0.10970464135021098 0.102803738317757
12 0.9356540084388185 0.015186915887850467 0.09915611814345991 0.030373831775700934
12 0.6888185654008439 0.34345794392523366 0.07383966244725738 0.07009345794392523
1 0.6371308016877637 0.04088785046728972 0.11814345991561181 0.08177570093457943
1 0.9377637130801688 0.05841121495327103 0.11181434599156118 0.10747663551401869
