6 0.36627906976744184 0.35807504078303426 0.11627906976744186 0.18760195758564438
6 0.6395348837209303 0.37112561174551384 0.19476744186046513 0.30505709624796085
6 0.8561046511627907 0.6190864600326265 0.2877906976744186 0.5628058727569332
2 0.8888081395348837 0.7618270799347472 0.22238372093023256 0.25122349102773245
2 0.6656976744186046 0.4812398042414356 0.11627906976744186 0.06199021207177814
7 0.37136627906976744 0.42414355628058725 0.09156976744186046 0.048939641109298535
1 0.09956395348837209 0.09543230016313213 0.0188953488372093 0.01794453507340946
1 0.13953488372093023 0.10358890701468189 0.020348837209302327 0.021207177814029365
1 0.14607558139534885 0.03425774877650897 0.024709302325581394 0.026101141924959218
7 0.10174418604651163 0.09543230016313213 0.00872093023255814 0.01468189233278956
7 0.14462209302325582 0.11011419249592169 0.007267441860465116 0.008156606851549755
7 0.1431686046511628 0.0432300163132137 0.015988372093023256 0.008156606851549755
