1 0.1395582329317269 0.49293563579277866 0.23493975903614459 0.24175824175824176
1 0.4026104417670683 0.5667189952904239 0.3192771084337349 0.37990580847723704
1 0.8263052208835341 0.6365777080062794 0.3072289156626506 0.29356357927786497
2 0.39558232931726905 0.6444270015698587 0.27309236947791166 0.2087912087912088
2 0.1395582329317269 0.5439560439560439 0.20281124497991967 0.11773940345368916
2 0.7891566265060241 0.7040816326530612 0.24096385542168675 0.14599686028257458
11 0.4006024096385542 0.45447409733124017 0.3072289156626506 0.14913657770800628
11 0.1395582329317269 0.42778649921507067 0.23092369477911648 0.11459968602825746
11 0.8313253012048193 0.5800627943485086 0.3132530120481928 0.17739403453689168
1 0.857429718875502 0.38304552590266877 0.11646586345381527 0.09733124018838304
2 0.8253012048192772 0.40816326530612246 0.05622489959839357 0.04395604395604396
11 0.8554216867469879 0.37127158555729983 0.11244979919678715 0.07692307692307693
