1 0.5041322314049587 0.23509174311926606 0.1487603305785124 0.20412844036697247
1 0.22107438016528927 0.33715596330275227 0.128099173553719 0.15137614678899083
1 0.8533057851239669 0.27293577981651373 0.1487603305785124 0.19724770642201836
1 0.7148760330578512 0.15825688073394495 0.1487603305785124 0.21559633027522937
1 0.05785123966942149 0.26376146788990823 0.09917355371900827 0.1926605504587156
1 0.2830578512396694 0.19495412844036697 0.13636363636363635 0.21100917431192662
1 0.3853305785123967 0.3440366972477064 0.12603305785123967 0.1651376146788991
2 0.8419421487603306 0.3256880733944954 0.11776859504132231 0.08256880733944955
2 0.7024793388429752 0.2190366972477064 0.1115702479338843 0.08944954128440367
2 0.5 0.286697247706422 0.1115702479338843 0.0871559633027523
7 0.21384297520661158 0.37155963302752293 0.08884297520661157 0.06880733944954129
7 0.05991735537190083 0.3084862385321101 0.08677685950413223 0.08944954128440367
7 0.2809917355371901 0.24885321100917432 0.10743801652892562 0.08486238532110092
7 0.38326446280991733 0.37729357798165136 0.10950413223140495 0.08027522935779817
7 0.9679752066115702 0.3463302752293578 0.05165289256198347 0.10550458715596331
7 0.9762396694214877 0.29128440366972475 0.026859504132231406 0.03669724770642202
7 0.8274793388429752 0.2809633027522936 0.06818181818181818 0.034403669724770644
7 0.7045454545454546 0.17087155963302753 0.10330578512396695 0.0389908256880734
1 0.9679752066115702 0.30160550458715596 0.04338842975206612 0.20412844036697247
