1 0.5876190476190476 0.2556818181818182 0.18095238095238095 0.38636363636363635
1 0.36666666666666664 0.33238636363636365 0.22285714285714286 0.35795454545454547
1 0.7714285714285715 0.1434659090909091 0.1523809523809524 0.26988636363636365
4 0.5476190476190477 0.30113636363636365 0.06666666666666667 0.06818181818181818
4 0.39714285714285713 0.40767045454545453 0.05523809523809524 0.11647727272727272
4 0.7533333333333333 0.12926136363636365 0.10095238095238095 0.05397727272727273
11 0.3657142857142857 0.30113636363636365 0.22095238095238096 0.29545454545454547
11 0.5885714285714285 0.1690340909090909 0.18285714285714286 0.21306818181818182
11 0.7742857142857142 0.05397727272727273 0.15047619047619049 0.09659090909090909
2 0.3314285714285714 0.4303977272727273 0.12571428571428572 0.13920454545454544
2 0.6 0.36079545454545453 0.14095238095238094 0.1590909090909091
2 0.7619047619047619 0.21448863636363635 0.11047619047619048 0.11647727272727272
