1 0.8107692307692308 0.28634751773049644 0.09846153846153846 0.14716312056737588
1 0.566923076923077 0.35106382978723405 0.1123076923076923 0.13120567375886524
1 0.3353846153846154 0.2845744680851064 0.10153846153846154 0.13652482269503546
4 0.556923076923077 0.3484042553191489 0.055384615384615386 0.047872340425531915
4 0.8215384615384616 0.28368794326241137 0.055384615384615386 0.031914893617021274
2 0.33076923076923076 0.3129432624113475 0.07384615384615385 0.06914893617021277
2 0.5523076923076923 0.3829787234042553 0.05846153846153846 0.0673758865248227
2 0.8107692307692308 0.3182624113475177 0.06769230769230769 0.05851063829787234
13 0.33692307692307694 0.2898936170212766 0.08923076923076922 0.11524822695035461
13 0.5592307692307692 0.3599290780141844 0.08461538461538462 0.12411347517730496
13 0.8184615384615385 0.300531914893617 0.08307692307692308 0.11879432624113476
11 0.5738461538461539 0.33687943262411346 0.08923076923076922 0.08156028368794327
11 0.8084615384615385 0.2721631205673759 0.0876923076923077 0.11170212765957446
