1 0.5658174097664543 0.4854721549636804 0.11677282377919321 0.17191283292978207
1 0.7335456475583864 0.38256658595641646 0.07855626326963906 0.12590799031476999
1 0.9511677282377919 0.34624697336561744 0.08067940552016985 0.13559322033898305
1 0.38004246284501064 0.40314769975786924 0.08917197452229299 0.11864406779661017
1 0.1762208067940552 0.43825665859564167 0.09766454352441614 0.14043583535108958
7 0.1921443736730361 0.46731234866828086 0.040339702760084924 0.048426150121065374
7 0.3885350318471338 0.42857142857142855 0.06369426751592357 0.043583535108958835
7 0.5424628450106157 0.5254237288135594 0.06157112526539278 0.06295399515738499
7 0.7282377919320594 0.4116222760290557 0.050955414012738856 0.053268765133171914
7 0.9394904458598726 0.37167070217917675 0.05732484076433121 0.07021791767554479
4 0.5403397027600849 0.48668280871670705 0.06581740976645435 0.03389830508474576
4 0.9437367303609342 0.3353510895883777 0.05732484076433121 0.026634382566585957
3 0.17834394904458598 0.4019370460048426 0.09341825902335456 0.06779661016949153
3 0.37898089171974525 0.37167070217917675 0.07855626326963906 0.04600484261501211
7 0.9585987261146497 0.6307506053268765 0.05307855626326964 0.04600484261501211
7 0.020169851380042462 0.5 0.014861995753715499 0.06537530266343826
7 0.7622080679405521 0.6876513317191283 0.050955414012738856 0.08232445520581114
7 0.8747346072186837 0.837772397094431 0.012738853503184714 0.05811138014527845
1 0.018046709129511677 0.47578692493946734 0.036093418259023353 0.1234866828087167
1 0.8174097664543525 0.6246973365617433 0.1613588110403397 0.22276029055690072
1 0.9596602972399151 0.5944309927360775 0.059447983014861996 0.13801452784503632
1 0.9543524416135881 0.5871670702179177 0.07855626326963906 0.14769975786924938
1 0.9309978768577495 0.7760290556900726 0.13800424628450106 0.2106537530266344
2 0.9437367303609342 0.6307506053268765 0.06581740976645435 0.05569007263922518
