1 0.62 0.31142857142857144 0.20761904761904762 0.4
6 0.3933333333333333 0.29714285714285715 0.22666666666666666 0.4114285714285714
2 0.38285714285714284 0.42142857142857143 0.11428571428571428 0.14
2 0.6409523809523809 0.4342857142857143 0.08571428571428572 0.12571428571428572
11 0.6114285714285714 0.24142857142857144 0.18666666666666668 0.26
11 0.3933333333333333 0.20285714285714285 0.22666666666666666 0.22285714285714286
4 0.58 0.41285714285714287 0.04380952380952381 0.04285714285714286
1 0.03333333333333333 0.32571428571428573 0.06285714285714286 0.4
6 0.5428571428571428 0.43142857142857144 0.11428571428571428 0.21714285714285714
2 0.030476190476190476 0.4357142857142857 0.05714285714285714 0.16857142857142857
2 0.5533333333333333 0.49714285714285716 0.09333333333333334 0.06857142857142857
11 0.017142857142857144 0.21571428571428572 0.03428571428571429 0.16285714285714287
11 0.5133333333333333 0.39285714285714285 0.04380952380952381 0.14
