1 0.21082621082621084 0.6258503401360545 0.23741690408357075 0.564625850340136
1 0.8262108262108262 0.11989795918367346 0.1120607787274454 0.23979591836734693
1 0.6225071225071225 0.36054421768707484 0.13010446343779677 0.29591836734693877
4 0.27113010446343777 0.6930272108843537 0.1111111111111111 0.141156462585034
4 0.6410256410256411 0.4328231292517007 0.04368471035137702 0.0391156462585034
2 0.23599240265906932 0.8044217687074829 0.14339981006647673 0.16666666666666666
2 0.6068376068376068 0.4574829931972789 0.0721747388414055 0.09183673469387756
2 0.842355175688509 0.18197278911564627 0.05128205128205128 0.09863945578231292
4 0.4928774928774929 0.6267006802721088 0.09116809116809117 0.10034013605442177
2 0.47625830959164295 0.6649659863945578 0.08262108262108261 0.09183673469387756
15 0.4453941120607787 0.4736394557823129 0.17094017094017094 0.3486394557823129
1 0.4601139601139601 0.6062925170068028 0.15289648622981955 0.22959183673469388
