1 0.6070975918884665 0.7291666666666666 0.05576679340937896 0.14583333333333334
1 0.7788339670468948 0.6731770833333334 0.057034220532319393 0.14322916666666666
1 0.36755386565272496 0.8854166666666666 0.09378960709759189 0.21354166666666666
1 0.6945500633713562 0.8411458333333334 0.08365019011406843 0.21875
2 0.6032953105196451 0.76171875 0.04055766793409379 0.0546875
2 0.6730038022813688 0.8971354166666666 0.030418250950570342 0.09635416666666667
2 0.38593155893536124 0.9596354166666666 0.044359949302915085 0.059895833333333336
2 0.7623574144486692 0.7005208333333334 0.026615969581749048 0.052083333333333336
4 0.5963244613434727 0.7265625 0.031685678073510776 0.03125
0 0.6787072243346007 0.5794270833333334 0.026615969581749048 0.09114583333333333
