1 0.8197343453510436 0.5161290322580645 0.2428842504743833 0.3605313092979127
1 0.5370018975332068 0.4411764705882353 0.3036053130929791 0.48007590132827327
6 0.16223908918406071 0.38140417457305503 0.32447817836812143 0.6375711574952562
4 0.15370018975332067 0.36432637571157495 0.30740037950664134 0.1859582542694497
15 0.15749525616698293 0.21631878557874762 0.31499051233396586 0.30740037950664134
15 0.5502846299810247 0.30075901328273247 0.2846299810246679 0.20683111954459202
15 0.8225806451612904 0.4269449715370019 0.23719165085388993 0.174573055028463
2 0.127134724857685 0.5483870967741935 0.25426944971537 0.27703984819734345
2 0.530360531309298 0.5616698292220114 0.2333965844402277 0.22770398481973433
2 0.8102466793168881 0.6072106261859582 0.21631878557874762 0.16698292220113853
