1 0.26864244741873805 0.1984732824427481 0.18929254302103252 0.32061068702290074
1 0.5707456978967496 0.22391857506361323 0.24665391969407266 0.3511450381679389
1 0.08986615678776291 0.410941475826972 0.1682600382409178 0.3791348600508906
2 0.09369024856596558 0.5089058524173028 0.1491395793499044 0.15776081424936386
2 0.27437858508604207 0.29389312977099236 0.11281070745697896 0.11450381679389313
2 0.5860420650095602 0.3371501272264631 0.10516252390057361 0.12468193384223919
3 0.08221797323135756 0.34987277353689566 0.15678776290630975 0.24173027989821882
4 0.5420650095602294 0.2900763358778626 0.06309751434034416 0.04580152671755725
4 0.3107074569789675 0.2366412213740458 0.055449330783938815 0.08142493638676845
4 0.12237093690248566 0.43638676844783714 0.08795411089866156 0.06870229007633588
11 0.27246653919694075 0.13358778625954199 0.18929254302103252 0.1806615776081425
19 0.5535372848948374 0.227735368956743 0.2084130019120459 0.3333333333333333
