1 0.6742286751361162 0.13344594594594594 0.12522686025408347 0.13513513513513514
1 0.18148820326678766 0.11570945945945946 0.1088929219600726 0.11993243243243243
2 0.19237749546279492 0.14273648648648649 0.06896551724137931 0.06587837837837837
2 0.691470054446461 0.16300675675675674 0.08348457350272233 0.06925675675675676
1 0.42558983666061706 0.18158783783783783 0.08892921960072596 0.07939189189189189
1 0.9618874773139746 0.20439189189189189 0.07622504537205081 0.11486486486486487
2 0.9673321234119783 0.22804054054054054 0.0544464609800363 0.04391891891891892
7 0.41379310344827586 0.19932432432432431 0.06533575317604355 0.04054054054054054
4 0.9664246823956443 0.20354729729729729 0.06715063520871144 0.03209459459459459
18 0.4473684210526316 0.18412162162162163 0.12159709618874773 0.10472972972972973
