1 0.638728323699422 0.2238562091503268 0.12909441233140656 0.3627450980392157
1 0.29190751445086704 0.43300653594771243 0.1907514450867052 0.4084967320261438
1 0.8805394990366089 0.42810457516339867 0.22350674373795762 0.49673202614379086
11 0.2928709055876686 0.3333333333333333 0.1926782273603083 0.20915032679738563
11 0.6425818882466281 0.12908496732026145 0.12909441233140656 0.17320261437908496
11 0.8815028901734104 0.3022875816993464 0.2254335260115607 0.24509803921568626
2 0.8285163776493256 0.5686274509803921 0.09248554913294797 0.20915032679738563
2 0.30539499036608864 0.5686274509803921 0.11368015414258188 0.12418300653594772
2 0.6339113680154143 0.3235294117647059 0.1001926782273603 0.1568627450980392
4 0.7851637764932563 0.4673202614379085 0.036608863198458574 0.058823529411764705
4 0.6339113680154143 0.24183006535947713 0.10404624277456648 0.0718954248366013
