1 0.6412175648702595 0.24912891986062718 0.21057884231536927 0.45993031358885017
1 0.20109780439121758 0.27177700348432055 0.20459081836327345 0.47038327526132406
1 0.9126746506986028 0.39547038327526135 0.15868263473053892 0.3797909407665505
2 0.19910179640718562 0.37282229965156793 0.17864271457085829 0.2578397212543554
2 0.6372255489021956 0.3554006968641115 0.1686626746506986 0.24041811846689895
2 0.8992015968063872 0.4991289198606272 0.11776447105788423 0.16550522648083624
4 0.19411177644710578 0.2421602787456446 0.14870259481037923 0.09059233449477352
4 0.9106786427145709 0.42073170731707316 0.10678642714570859 0.09233449477351917
1 0.3687624750499002 0.4024390243902439 0.1027944111776447 0.2264808362369338
1 0.4665668662674651 0.37282229965156793 0.09281437125748503 0.21602787456445993
7 0.3537924151696607 0.4573170731707317 0.08283433133732535 0.1132404181184669
7 0.4630738522954092 0.4259581881533101 0.07584830339321358 0.10627177700348432
