1 0.5971107544141252 0.48282097649186256 0.2857142857142857 0.39783001808318263
4 0.673354735152488 0.5 0.13001605136436598 0.07414104882459313
2 0.6364365971107544 0.5895117540687161 0.1492776886035313 0.16998191681735986
1 0.38443017656500805 0.39511754068716093 0.11717495987158909 0.20433996383363473
1 0.14365971107544143 0.21518987341772153 0.09149277688603531 0.10126582278481013
2 0.3924558587479936 0.44665461121157324 0.10112359550561797 0.07233273056057866
7 0.13804173354735153 0.24321880650994576 0.08667736757624397 0.045207956600361664
7 0.033707865168539325 0.1410488245931284 0.03531300160513644 0.02531645569620253
1 0.03210272873194221 0.11934900542495479 0.048154093097913325 0.0759493670886076
18 0.3611556982343499 0.4023508137432188 0.22150882825040127 0.2911392405063291
