1 0.6823361823361823 0.2595959595959596 0.06742640075973409 0.16767676767676767
1 0.5009496676163343 0.24545454545454545 0.06172839506172839 0.1797979797979798
1 0.5911680911680912 0.2878787878787879 0.057929724596391265 0.1595959595959596
7 0.6804368471035138 0.2898989898989899 0.050332383665717 0.06262626262626263
7 0.5 0.2868686868686869 0.052231718898385564 0.06868686868686869
2 0.5911680911680912 0.32626262626262625 0.04843304843304843 0.06262626262626263
3 0.5009496676163343 0.20404040404040405 0.057929724596391265 0.07676767676767676
3 0.6823361823361823 0.2515151515151515 0.10161443494776828 0.14747474747474748
4 0.6809116809116809 0.2585858585858586 0.03798670465337132 0.03636363636363636
7 0.2981956315289649 0.26666666666666666 0.030389363722697058 0.06868686868686869
1 0.3798670465337132 0.24141414141414141 0.05698005698005698 0.14343434343434344
1 0.048907882241215575 0.16363636363636364 0.0446343779677113 0.12525252525252525
1 0.3100664767331434 0.23030303030303031 0.06362773029439696 0.14545454545454545
0 0.1647673314339981 0.2717171717171717 0.050332383665717 0.1191919191919192
4 0.37749287749287747 0.25353535353535356 0.04653371320037987 0.01818181818181818
4 0.039886039886039885 0.16767676767676767 0.024691358024691357 0.024242424242424242
2 0.37749287749287747 0.2767676767676768 0.04653371320037987 0.052525252525252523
2 0.04748338081671415 0.19696969696969696 0.032288698955365625 0.03838383838383838
3 0.3798670465337132 0.20303030303030303 0.05698005698005698 0.06262626262626263
5 0.8418803418803419 0.5848484848484848 0.057929724596391265 0.1797979797979798
5 0.8917378917378918 0.6262626262626263 0.05128205128205128 0.15757575757575756
5 0.9425451092117759 0.4444444444444444 0.07692307692307693 0.16565656565656567
3 0.9292497625830959 0.43232323232323233 0.10351377018043685 0.13737373737373737
3 0.8414055080721747 0.5363636363636364 0.05887939221272555 0.08686868686868687
3 0.8941120607787274 0.601010101010101 0.04843304843304843 0.10707070707070707
