1 0.3955938697318008 0.5553435114503816 0.39655172413793105 0.6145038167938931
1 0.696360153256705 0.22519083969465647 0.15517241379310345 0.21755725190839695
1 0.9147509578544061 0.30438931297709926 0.16666666666666666 0.25763358778625955
1 0.07854406130268199 0.16698473282442747 0.14942528735632185 0.30725190839694655
1 0.9022988505747126 0.6498091603053435 0.19157088122605365 0.4179389312977099
2 0.3668582375478927 0.7242366412213741 0.34674329501915707 0.26908396946564883
2 0.06992337164750957 0.23377862595419846 0.12835249042145594 0.16221374045801526
2 0.7116858237547893 0.2767175572519084 0.11685823754789272 0.08778625954198473
2 0.9310344827586207 0.36354961832061067 0.11877394636015326 0.12404580152671756
2 0.9080459770114943 0.7585877862595419 0.17624521072796934 0.19274809160305342
11 0.07854406130268199 0.08874045801526717 0.1532567049808429 0.14694656488549618
11 0.6973180076628352 0.19274809160305342 0.14559386973180077 0.14885496183206107
11 0.9166666666666666 0.25572519083969464 0.16283524904214558 0.15267175572519084
11 0.9003831417624522 0.5419847328244275 0.18007662835249041 0.19083969465648856
11 0.4013409961685824 0.3998091603053435 0.38122605363984674 0.30725190839694655
