5 0.47127393838467946 0.30077519379844964 0.12156536219816819 0.29147286821705426
5 0.14862614487926729 0.22170542635658916 0.20399666944213155 0.35658914728682173
4 0.4646128226477935 0.3124031007751938 0.09825145711906745 0.06976744186046512
4 0.22980849292256453 0.20775193798449612 0.03996669442131557 0.08992248062015504
14 0.14862614487926729 0.28604651162790695 0.2006661115736886 0.4790697674418605
14 0.46794338051623646 0.35271317829457366 0.1565362198168193 0.3922480620155039
5 0.951706910907577 0.1744186046511628 0.08992506244796003 0.24651162790697675
14 0.9521232306411324 0.20465116279069767 0.09575353871773522 0.30387596899224806
14 0.7406328059950041 0.18604651162790697 0.25228975853455454 0.37209302325581395
5 0.6902581182348043 0.15658914728682172 0.17318900915903415 0.31317829457364343
