6 0.8614800759013282 0.41076487252124644 0.1555977229601518 0.311614730878187
6 0.5939278937381404 0.4206798866855524 0.08349146110056926 0.18980169971671387
1 0.4364326375711575 0.40509915014164305 0.1062618595825427 0.2096317280453258
1 0.12144212523719165 0.3611898016997167 0.20113851992409867 0.3881019830028329
1 0.25332068311195444 0.3328611898016997 0.13092979127134724 0.3087818696883853
4 0.4601518026565465 0.4447592067988669 0.03984819734345351 0.028328611898016998
4 0.301707779886148 0.3611898016997167 0.022770398481973434 0.042492917847025496
4 0.20588235294117646 0.3895184135977337 0.028462998102466792 0.042492917847025496
2 0.16793168880455409 0.4801699716713881 0.08159392789373814 0.1501416430594901
2 0.2675521821631879 0.42209631728045327 0.056925996204933584 0.10764872521246459
2 0.4316888045540797 0.4660056657223796 0.07020872865275142 0.0764872521246459
2 0.5929791271347249 0.4801699716713881 0.06641366223908918 0.059490084985835696
2 0.8662239089184061 0.5212464589235127 0.10815939278937381 0.09631728045325778
1 0.698292220113852 0.4235127478753541 0.09108159392789374 0.1954674220963173
2 0.6973434535104365 0.4886685552407932 0.05502846299810247 0.053824362606232294
11 0.44022770398481975 0.37252124645892354 0.09867172675521822 0.14447592067988668
11 0.5939278937381404 0.386685552407932 0.08349146110056926 0.1274787535410765
11 0.7001897533206831 0.3909348441926346 0.07969639468690702 0.13031161473087818
11 0.8595825426944972 0.3640226628895184 0.15180265654648956 0.2237960339943343
11 0.1157495256166983 0.28611898016997167 0.20872865275142316 0.22662889518413598
11 0.25332068311195444 0.2535410764872521 0.13092979127134724 0.14447592067988668
