1 0.8191881918819188 0.5333333333333333 0.0959409594095941 0.2986666666666667
7 0.8087330873308733 0.624 0.06027060270602706 0.11733333333333333
7 0.6217712177121771 0.868 0.033210332103321034 0.050666666666666665
7 0.5301353013530136 0.9186666666666666 0.03444034440344403 0.050666666666666665
7 0.3062730627306273 0.8453333333333334 0.03936039360393604 0.064
1 0.7306273062730627 0.8466666666666667 0.05412054120541206 0.14666666666666667
1 0.6242312423124231 0.836 0.04551045510455105 0.13066666666666665
1 0.5295202952029521 0.8946666666666667 0.04059040590405904 0.09866666666666667
1 0.3013530135301353 0.8173333333333334 0.05412054120541206 0.136
2 0.7275522755227553 0.8906666666666667 0.04797047970479705 0.058666666666666666
