1 0.9089026915113871 0.1879139072847682 0.047619047619047616 0.08774834437086093
1 0.2468944099378882 0.40066225165562913 0.07556935817805382 0.12582781456953643
7 0.9006211180124224 0.21026490066225165 0.035196687370600416 0.039735099337748346
7 0.2660455486542443 0.4379139072847682 0.035196687370600416 0.05132450331125828
4 0.620600414078675 0.2433774834437086 0.015527950310559006 0.026490066225165563
7 0.6361283643892339 0.28807947019867547 0.038302277432712216 0.056291390728476824
1 0.6433747412008282 0.24089403973509935 0.06935817805383022 0.16390728476821192
8 0.7267080745341615 0.20695364238410596 0.13043478260869565 0.1291390728476821
2 0.7080745341614907 0.3518211920529801 0.035196687370600416 0.06456953642384106
7 0.532608695652174 0.24503311258278146 0.027950310559006212 0.033112582781456956
1 0.5341614906832298 0.22764900662251655 0.033126293995859216 0.07119205298013245
1 0.7334368530020704 0.3195364238410596 0.12111801242236025 0.1291390728476821
1 0.9704968944099379 0.2599337748344371 0.027950310559006212 0.023178807947019868
1 0.8581780538302277 0.2599337748344371 0.022774327122153208 0.033112582781456956
7 0.8571428571428571 0.26158940397350994 0.016563146997929608 0.013245033112582781
7 0.9767080745341615 0.26076158940397354 0.021739130434782608 0.011589403973509934
