1 0.8452127659574468 0.41851106639839036 0.12234042553191489 0.35412474849094566
1 0.5840425531914893 0.5573440643863179 0.1276595744680851 0.30181086519114686
2 0.573404255319149 0.6438631790744467 0.09148936170212765 0.12072434607645875
7 0.8218085106382979 0.5201207243460765 0.06914893617021277 0.15492957746478872
4 0.8085106382978723 0.42354124748490946 0.05319148936170213 0.06639839034205232
0 0.7648936170212766 0.1317907444668008 0.12340425531914893 0.2635814889336016
0 0.5404255319148936 0.10362173038229376 0.11914893617021277 0.19919517102615694
0 0.23297872340425532 0.15392354124748492 0.11063829787234042 0.22334004024144868
0 0.8707446808510638 0.1529175050301811 0.1074468085106383 0.1891348088531187
5 0.6867021276595745 0.1720321931589537 0.06489361702127659 0.19919517102615694
5 0.9457446808510638 0.4426559356136821 0.06808510638297872 0.2454728370221328
4 0.6861702127659575 0.17706237424547283 0.05106382978723404 0.0482897384305835
4 0.9377659574468085 0.5080482897384306 0.05425531914893617 0.05432595573440644
