1 0.2979610750695088 0.17985611510791366 0.11399443929564411 0.27697841726618705
1 0.8225208526413346 0.38219424460431656 0.05097312326227989 0.1420863309352518
7 0.8215940685820204 0.41276978417266186 0.04355885078776645 0.07014388489208633
2 0.28637627432808155 0.25 0.0871177015755329 0.12949640287769784
1 0.48517145505097314 0.2994604316546763 0.06950880444856349 0.13489208633093525
1 0.6881371640407785 0.36151079136690645 0.05097312326227989 0.11151079136690648
7 0.4726598702502317 0.3300359712230216 0.04448563484708063 0.06654676258992806
7 0.6848934198331789 0.39568345323741005 0.033364226135310475 0.039568345323741004
1 0.8674698795180723 0.302158273381295 0.057460611677479144 0.11870503597122302
7 0.8632993512511585 0.33723021582733814 0.03243744207599629 0.04136690647482014
