1 0.3011472275334608 0.5964912280701754 0.14722753346080306 0.29239766081871343
6 0.6080305927342257 0.45760233918128657 0.13766730401529637 0.35964912280701755
5 0.9130019120458891 0.5891812865497076 0.1739961759082218 0.6169590643274854
3 0.9110898661567878 0.3991228070175439 0.17782026768642448 0.23684210526315788
11 0.29923518164435947 0.5307017543859649 0.13957934990439771 0.15497076023391812
11 0.6080305927342257 0.358187134502924 0.13001912045889102 0.15497076023391812
2 0.3068833652007648 0.6812865497076024 0.13575525812619502 0.1111111111111111
2 0.6204588910133844 0.5818713450292398 0.10516252390057361 0.09941520467836257
1 0.02390057361376673 0.25292397660818716 0.04780114722753346 0.2134502923976608
2 0.021032504780114723 0.30409356725146197 0.04206500956022945 0.10526315789473684
11 0.02390057361376673 0.19298245614035087 0.04780114722753346 0.0935672514619883
