1 0.7279102384291725 0.2652388797364086 0.10659186535764376 0.14827018121911037
1 0.3962131837307153 0.2660626029654036 0.11360448807854137 0.15321252059308071
1 0.5427769985974754 0.3311367380560132 0.0729312762973352 0.11202635914332784
4 0.42566619915848525 0.25370675453047775 0.04908835904628331 0.032948929159802305
4 0.7194950911640954 0.25947281713344317 0.0729312762973352 0.044481054365733116
4 0.5420757363253857 0.32784184514003295 0.043478260869565216 0.023064250411861616
2 0.41374474053295934 0.29983525535420097 0.06451612903225806 0.07907742998352553
2 0.5378681626928471 0.3542009884678748 0.04628330995792426 0.039538714991762765
2 0.7180925666199158 0.29489291598023065 0.07573632538569425 0.07248764415156507
2 0.09537166900420757 0.257825370675453 0.056100981767180924 0.06754530477759473
1 0.07082748948106592 0.21993410214168038 0.10518934081346423 0.15650741350906094
7 0.8492286115007013 0.31960461285008235 0.04908835904628331 0.05601317957166392
1 0.8415147265077139 0.2940691927512356 0.07012622720897616 0.11696869851729819
