1 0.6125954198473282 0.30808080808080807 0.09923664122137404 0.18686868686868688
1 0.7986641221374046 0.4393939393939394 0.09732824427480916 0.15151515151515152
6 0.18702290076335878 0.39646464646464646 0.09923664122137404 0.16666666666666666
6 0.2948473282442748 0.3194444444444444 0.08587786259541985 0.1893939393939394
2 0.19370229007633588 0.44065656565656564 0.07824427480916031 0.06818181818181818
2 0.29389312977099236 0.3611111111111111 0.08396946564885496 0.09595959595959595
2 0.6116412213740458 0.3547979797979798 0.08206106870229007 0.08838383838383838
2 0.7929389312977099 0.476010101010101 0.07824427480916031 0.07323232323232323
11 0.2948473282442748 0.2601010101010101 0.08587786259541985 0.06565656565656566
11 0.6125954198473282 0.25757575757575757 0.0916030534351145 0.0707070707070707
11 0.1898854961832061 0.3560606060606061 0.09732824427480916 0.08585858585858586
11 0.799618320610687 0.4015151515151515 0.0916030534351145 0.07575757575757576
