1 0.7247510668563301 0.24214417744916822 0.155049786628734 0.25508317929759705
2 0.7283072546230441 0.3096118299445471 0.10241820768136557 0.09426987060998152
13 0.7240398293029872 0.2513863216266174 0.13655761024182078 0.29944547134935307
4 0.7261735419630156 0.2680221811460259 0.08961593172119488 0.04805914972273567
11 0.7091038406827881 0.17375231053604437 0.11806543385490754 0.11829944547134935
0 0.8982930298719772 0.5600739371534196 0.16358463726884778 0.2920517560073937
2 0.20981507823613088 0.27818853974122 0.029871977240398292 0.05730129390018484
1 0.16571834992887624 0.20609981515711645 0.12375533428165007 0.21626617375231053
13 0.22190611664295876 0.25508317929759705 0.059743954480796585 0.1589648798521257
11 0.17069701280227595 0.17467652495378927 0.12802275960170698 0.14972273567467653
