1 0.4391634980988593 0.35185185185185186 0.12927756653992395 0.24216524216524216
1 0.7167300380228137 0.3034188034188034 0.13688212927756654 0.2535612535612536
1 0.188212927756654 0.36182336182336183 0.22053231939163498 0.3418803418803419
6 0.04277566539923954 0.292022792022792 0.0741444866920152 0.23646723646723647
15 0.1758555133079848 0.29772079772079774 0.21482889733840305 0.24786324786324787
2 0.2414448669201521 0.4658119658119658 0.10266159695817491 0.1225071225071225
2 0.4534220532319392 0.4230769230769231 0.0817490494296578 0.08831908831908832
2 0.714828897338403 0.3789173789173789 0.09885931558935361 0.10256410256410256
2 0.039923954372623575 0.3547008547008547 0.06844106463878327 0.08262108262108261
4 0.03897338403041825 0.2792022792022792 0.039923954372623575 0.03418803418803419
11 0.4391634980988593 0.31054131054131057 0.12167300380228137 0.14245014245014245
11 0.0370722433460076 0.2264957264957265 0.06653992395437262 0.1111111111111111
11 0.714828897338403 0.2336182336182336 0.12927756653992395 0.13105413105413105
