5 0.4771714922048998 0.3929098966026588 0.32405345211581293 0.534711964549483
17 0.4755011135857461 0.38774002954209746 0.3184855233853007 0.5273264401772526
0 0.9276169265033407 0.53397341211226 0.0400890868596882 0.08124076809453472
5 0.17371937639198218 0.5280649926144756 0.060133630289532294 0.13146233382570163
5 0.6776169265033407 0.42319054652880356 0.09020044543429843 0.18463810930576072
5 0.7912026726057907 0.517725258493353 0.06570155902004454 0.08714918759231906
5 0.9515590200445434 0.5805022156573116 0.034521158129175944 0.06499261447562776
5 0.5974387527839644 0.35450516986706054 0.09020044543429843 0.22451994091580502
17 0.18986636971046772 0.5302806499261448 0.05679287305122494 0.10635155096011817
17 0.6815144766146993 0.43131462333825704 0.0957683741648107 0.18020679468242246
17 0.5946547884187082 0.3515509601181684 0.08463251670378619 0.19497784342688332
17 0.7850779510022272 0.5221565731166913 0.053452115812917596 0.07828655834564253
17 0.955456570155902 0.587149187592319 0.024498886414253896 0.033973412112259974
