1 0.17105263157894737 0.38104448742746616 0.06292906178489703 0.15473887814313347
1 0.43478260869565216 0.3704061895551257 0.07093821510297482 0.1450676982591876
1 0.5440503432494279 0.33365570599613154 0.05377574370709382 0.12959381044487428
7 0.42276887871853547 0.41682785299806574 0.04233409610983982 0.048355899419729204
7 0.5554919908466819 0.3617021276595745 0.02402745995423341 0.058027079303675046
2 0.18192219679633867 0.41779497098646035 0.036613272311212815 0.06963249516441006
2 0.9096109839816934 0.20986460348162475 0.02745995423340961 0.04061895551257253
2 0.9553775743707094 0.16150870406189555 0.020594965675057208 0.0367504835589942
3 0.9513729977116705 0.11798839458413926 0.03546910755148741 0.04642166344294004
8 0.9090389016018307 0.1769825918762089 0.03546910755148741 0.04448742746615087
1 0.9061784897025171 0.19148936170212766 0.04576659038901602 0.09671179883945841
1 0.9513729977116705 0.1344294003868472 0.03318077803203661 0.09090909090909091
