1 0.5403071017274472 0.23669201520912547 0.1401151631477927 0.20342205323193915
1 0.23896353166986564 0.15684410646387834 0.15930902111324377 0.2338403041825095
1 0.8186180422264875 0.2908745247148289 0.1324376199616123 0.17110266159695817
1 0.6065259117082533 0.15304182509505704 0.09980806142034548 0.14258555133079848
1 0.3886756238003839 0.12737642585551331 0.1362763915547025 0.18250950570342206
2 0.2514395393474088 0.20817490494296578 0.12284069097888675 0.11596958174904944
2 0.3982725527831094 0.16730038022813687 0.10556621880998081 0.08365019011406843
2 0.5393474088291746 0.27661596958174905 0.12667946257197696 0.10836501901140684
2 0.8128598848368522 0.3269961977186312 0.10940499040307101 0.07984790874524715
2 0.6170825335892515 0.18536121673003803 0.05950095969289827 0.06273764258555133
4 0.5393474088291746 0.21863117870722434 0.09213051823416507 0.030418250950570342
11 0.236084452975048 0.10931558935361217 0.14587332053742802 0.13878326996197718
11 0.3829174664107486 0.07319391634980989 0.12092130518234165 0.07034220532319392
11 0.5383877159309021 0.18916349809885932 0.12476007677543186 0.09315589353612168
11 0.6055662188099808 0.11311787072243346 0.09021113243761997 0.06653992395437262
11 0.8205374280230326 0.24904942965779467 0.12476007677543186 0.08745247148288973
