3 0.889060092449923 0.4204081632653061 0.08628659476117104 0.08979591836734693
3 0.11864406779661017 0.376530612244898 0.061633281972265024 0.03877551020408163
3 0.6648690292758089 0.3520408163265306 0.05084745762711865 0.04285714285714286
1 0.11710323574730354 0.4 0.06779661016949153 0.09387755102040816
1 0.6633281972265023 0.37142857142857144 0.05701078582434515 0.10204081632653061
1 0.8906009244992296 0.4346938775510204 0.09244992295839753 0.11836734693877551
2 0.11633281972265024 0.42346938775510207 0.05701078582434515 0.04285714285714286
1 0.11787365177195686 0.4 0.06317411402157165 0.10612244897959183
2 0.6648690292758089 0.4010204081632653 0.04468412942989214 0.04693877551020408
1 0.6679506933744221 0.3704081632653061 0.05701078582434515 0.09591836734693877
2 0.8913713405238829 0.47551020408163264 0.04160246533127889 0.036734693877551024
1 0.8959938366718028 0.4346938775510204 0.09090909090909091 0.11836734693877551
