1 0.2138849929873773 0.355726872246696 0.07152875175315568 0.15638766519823788
1 0.3288920056100982 0.35462555066079293 0.07433380084151472 0.14096916299559473
1 0.5028050490883591 0.2610132158590308 0.07152875175315568 0.17400881057268722
1 0.7054698457223001 0.3491189427312775 0.08134642356241234 0.19162995594713655
1 0.8499298737727911 0.42400881057268724 0.10659186535764376 0.17841409691629956
2 0.2131837307152875 0.3909691629955947 0.07012622720897616 0.07709251101321586
2 0.33099579242636745 0.3843612334801762 0.061711079943899017 0.07709251101321586
7 0.5056100981767181 0.30506607929515417 0.051893408134642355 0.08149779735682819
7 0.8359046283309958 0.46806167400881055 0.061711079943899017 0.08590308370044053
7 0.7005610098176718 0.394273127753304 0.0546984572230014 0.1013215859030837
11 0.8520336605890603 0.40198237885462557 0.10518934081346423 0.12555066079295155
12 0.5056100981767181 0.26762114537444937 0.06591865357643759 0.037444933920704845
1 0.21739130434782608 0.35462555066079293 0.0785413744740533 0.15418502202643172
12 0.7047685834502104 0.3458149779735683 0.07152875175315568 0.05286343612334802
1 0.3288920056100982 0.34251101321585903 0.07713884992987377 0.15638766519823788
12 0.32959326788218796 0.3436123348017621 0.0729312762973352 0.04405286343612335
1 0.5056100981767181 0.2665198237885463 0.07713884992987377 0.18061674008810572
12 0.21809256661991586 0.30066079295154186 0.06872370266479663 0.046255506607929514
1 0.7061711079943899 0.3502202643171806 0.08555399719495091 0.18061674008810572
11 0.5035063113604488 0.21255506607929514 0.07012622720897616 0.06387665198237885
1 0.8506311360448808 0.4262114537444934 0.11079943899018233 0.1828193832599119
