1 0.5621145374449339 0.2917369308600337 0.05991189427312775 0.16863406408094436
1 0.19515418502202644 0.28077571669477236 0.11189427312775331 0.30185497470489037
0 0.7092511013215859 0.17706576728499157 0.1092511013215859 0.2799325463743676
2 0.19515418502202644 0.37436762225969644 0.09779735682819383 0.11467116357504216
9 0.19559471365638767 0.2925801011804384 0.10044052863436123 0.05902192242833052
7 0.5599118942731277 0.3372681281618887 0.06784140969162995 0.08768971332209106
3 0.5616740088105727 0.2900505902192243 0.13480176211453745 0.18549747048903878
1 0.05506607929515418 0.09612141652613827 0.07665198237885462 0.18549747048903878
5 0.981057268722467 0.4822934232715008 0.03436123348017621 0.17200674536256325
3 0.06079295154185022 0.06829679595278246 0.11629955947136564 0.12984822934232715
3 0.9647577092511013 0.46037099494097805 0.05814977973568282 0.13827993254637436
2 0.03656387665198238 0.15767284991568298 0.03612334801762115 0.07588532883642496
