1 0.674384236453202 0.1046712802768166 0.08374384236453201 0.19896193771626297
1 0.7842364532019704 0.3062283737024221 0.08669950738916256 0.17993079584775087
1 0.6315270935960591 0.5268166089965398 0.09458128078817735 0.18858131487889274
1 0.7467980295566502 0.6461937716262975 0.11822660098522167 0.21280276816608998
1 0.3556650246305419 0.8901384083044983 0.11428571428571428 0.21280276816608998
0 0.21724137931034482 0.34429065743944637 0.09950738916256158 0.1695501730103806
3 0.35517241379310344 0.8503460207612457 0.12512315270935961 0.13321799307958476
3 0.7467980295566502 0.606401384083045 0.11822660098522167 0.12283737024221453
2 0.6714285714285714 0.14965397923875431 0.07980295566502463 0.0986159169550173
2 0.7788177339901478 0.3494809688581315 0.06798029556650247 0.07958477508650519
2 0.35073891625615766 0.9472318339100346 0.09261083743842365 0.09169550173010381
2 0.6275862068965518 0.5769896193771626 0.08078817733990148 0.08823529411764706
2 0.7379310344827587 0.7084775086505191 0.06896551724137931 0.07439446366782007
4 0.7719211822660098 0.3096885813148789 0.06403940886699508 0.03806228373702422
0 0.3556650246305419 0.10034602076124567 0.10640394088669951 0.1972318339100346
0 0.05763546798029557 0.43944636678200694 0.08571428571428572 0.20069204152249134
0 0.1103448275862069 0.24394463667820068 0.08078817733990148 0.1903114186851211
