1 0.6091081593927894 0.30076142131979694 0.07590132827324478 0.1598984771573604
1 0.349146110056926 0.3096446700507614 0.11005692599620494 0.17258883248730963
1 0.22675521821631878 0.33121827411167515 0.127134724857685 0.23096446700507614
1 0.7770398481973435 0.35152284263959394 0.16129032258064516 0.2563451776649746
0 0.6280834914611005 0.6129441624365483 0.09487666034155598 0.09390862944162437
11 0.22770398481973433 0.29314720812182743 0.1366223908918406 0.1649746192893401
11 0.3510436432637571 0.2703045685279188 0.1062618595825427 0.09898477157360407
11 0.6053130929791272 0.2753807106598985 0.07969639468690702 0.10913705583756345
11 0.7798861480075902 0.3134517766497462 0.16318785578747627 0.19035532994923857
2 0.2409867172675522 0.3946700507614213 0.09108159392789374 0.10406091370558376
2 0.34345351043643263 0.3565989847715736 0.07969639468690702 0.10406091370558376
2 0.6091081593927894 0.35786802030456855 0.0683111954459203 0.050761421319796954
2 0.7390891840607211 0.4251269035532995 0.06261859582542695 0.12436548223350254
0 0.9506641366223909 0.2918781725888325 0.05313092979127135 0.08629441624365482
