1 0.21750524109014674 0.2638640429338104 0.19811320754716982 0.41323792486583183
1 0.8453878406708596 0.610912343470483 0.08071278825995808 0.19499105545617174
1 0.9224318658280922 0.6869409660107334 0.15513626834381553 0.27906976744186046
1 0.6965408805031447 0.4669051878354204 0.0639412997903564 0.14311270125223613
1 0.4114255765199161 0.14937388193202147 0.09329140461215933 0.1806797853309481
1 0.5649895178197065 0.5286225402504472 0.0880503144654088 0.21645796064400716
4 0.5665618448637316 0.535778175313059 0.07651991614255765 0.04114490161001789
2 0.23427672955974843 0.3631484794275492 0.12683438155136267 0.1967799642218247
2 0.5660377358490566 0.5858676207513417 0.06708595387840671 0.08765652951699464
2 0.839622641509434 0.6636851520572451 0.05660377358490566 0.08944543828264759
2 0.9035639412997903 0.7486583184257602 0.11320754716981132 0.13774597495527727
2 0.6907756813417191 0.5053667262969589 0.039832285115303984 0.0518783542039356
2 0.4334381551362683 0.18783542039355994 0.03668763102725367 0.08228980322003578
4 0.2557651991614256 0.29964221824686943 0.11320754716981132 0.08407871198568873
4 0.9224318658280922 0.7003577817531306 0.11740041928721175 0.1556350626118068
1 0.6530398322851153 0.4203935599284436 0.050314465408805034 0.12164579606440072
2 0.6420335429769392 0.4561717352415027 0.03039832285115304 0.046511627906976744
