1 0.2731660231660232 0.2610294117647059 0.12934362934362933 0.34191176470588236
1 0.5111003861003861 0.4742647058823529 0.17277992277992277 0.3860294117647059
1 0.8725868725868726 0.4338235294117647 0.1891891891891892 0.44485294117647056
0 0.6563706563706564 0.42371323529411764 0.0444015444015444 0.10845588235294118
5 0.734073359073359 0.4209558823529412 0.05888030888030888 0.10661764705882353
2 0.2717181467181467 0.34375 0.1167953667953668 0.16176470588235295
2 0.5082046332046332 0.5799632352941176 0.1611969111969112 0.18933823529411764
2 0.8667953667953668 0.5183823529411765 0.16988416988416988 0.22426470588235295
4 0.7442084942084942 0.42463235294117646 0.03861003861003861 0.025735294117647058
2 0.36486486486486486 0.46875 0.05019305019305019 0.051470588235294115
1 0.3716216216216216 0.42003676470588236 0.07142857142857142 0.13419117647058823
