1 0.5661625708884688 0.3211586901763224 0.2514177693761815 0.45591939546599497
5 0.1843100189035917 0.36397984886649876 0.3534971644612476 0.672544080604534
5 0.8506616257088847 0.2707808564231738 0.2948960302457467 0.5012594458438288
4 0.1767485822306238 0.36397984886649876 0.3005671077504726 0.24937027707808565
4 0.5689981096408318 0.2959697732997481 0.21550094517958412 0.08312342569269521
4 0.8487712665406427 0.2506297229219144 0.22684310018903592 0.27455919395465994
7 0.5661625708884688 0.43073047858942065 0.22873345935727787 0.21662468513853905
11 0.1937618147448015 0.22795969773299748 0.31947069943289225 0.3954659949622166
11 0.5642722117202268 0.22544080604534006 0.2438563327032136 0.2594458438287154
11 0.8487712665406427 0.18387909319899245 0.28733459357277885 0.31738035264483627
