1 0.6549019607843137 0.3202380952380952 0.054901960784313725 0.13095238095238096
1 0.515686274509804 0.27976190476190477 0.05359477124183006 0.12142857142857143
1 0.1843137254901961 0.319047619047619 0.06013071895424837 0.16666666666666666
5 0.3464052287581699 0.36666666666666664 0.06797385620915032 0.1380952380952381
2 0.19084967320261437 0.3619047619047619 0.036601307189542485 0.06666666666666667
2 0.5189542483660131 0.305952380952381 0.04183006535947712 0.05476190476190476
2 0.6496732026143791 0.35 0.0392156862745098 0.06190476190476191
4 0.365359477124183 0.36428571428571427 0.02483660130718954 0.03333333333333333
4 0.6503267973856209 0.32142857142857145 0.0457516339869281 0.023809523809523808
0 0.34509803921568627 0.2619047619047619 0.04967320261437908 0.09523809523809523
