1 0.3416030534351145 0.2742857142857143 0.2748091603053435 0.5142857142857142
1 0.6440839694656488 0.21714285714285714 0.20801526717557253 0.3942857142857143
1 0.8387404580152672 0.3657142857142857 0.15458015267175573 0.28
11 0.3435114503816794 0.17714285714285713 0.26717557251908397 0.29714285714285715
11 0.6278625954198473 0.15571428571428572 0.22519083969465647 0.26571428571428574
11 0.8282442748091603 0.32285714285714284 0.16030534351145037 0.19428571428571428
4 0.3616412213740458 0.3142857142857143 0.1965648854961832 0.21142857142857144
4 0.6841603053435115 0.21 0.14694656488549618 0.08285714285714285
2 0.31774809160305345 0.4042857142857143 0.22328244274809161 0.23142857142857143
2 0.6459923664122137 0.31285714285714283 0.18893129770992367 0.18571428571428572
2 0.8425572519083969 0.4185714285714286 0.1316793893129771 0.1457142857142857
