1 0.6877278250303767 0.31973434535104367 0.10692588092345079 0.2144212523719165
1 0.6081409477521263 0.18785578747628084 0.13730255164034022 0.2846299810246679
1 0.3402187120291616 0.25901328273244784 0.06561360874848117 0.1347248576850095
1 0.20716889428918592 0.1527514231499051 0.05710814094775213 0.11954459203036052
0 0.11239368165249089 0.16888045540796964 0.030376670716889428 0.06451612903225806
4 0.6166464155528554 0.17077798861480076 0.1324422843256379 0.06072106261859583
4 0.20959902794653706 0.14231499051233396 0.04495747266099635 0.022770398481973434
7 0.6852976913730255 0.3776091081593928 0.10206561360874848 0.08349146110056926
2 0.34143377885783716 0.286527514231499 0.053462940461725394 0.06072106261859583
2 0.20959902794653706 0.17836812144212524 0.04738760631834751 0.05313092979127135
2 0.6105710814094775 0.24573055028462998 0.11543134872417983 0.14231499051233396
3 0.6245443499392467 0.1062618595825427 0.1652490886998785 0.1252371916508539
