1 0.35846867749419953 0.1782006920415225 0.14153132250580047 0.21453287197231835
1 0.5568445475638051 0.370242214532872 0.08584686774941995 0.1384083044982699
1 0.8665893271461717 0.31141868512110726 0.09744779582366589 0.17647058823529413
2 0.3810904872389791 0.22837370242214533 0.04524361948955916 0.10380622837370242
2 0.5597447795823666 0.4039792387543253 0.06380510440835267 0.07093425605536333
2 0.8689095127610209 0.3607266435986159 0.08120649651972157 0.07785467128027682
3 0.3642691415313225 0.13062283737024222 0.14617169373549885 0.11591695501730104
4 0.851508120649652 0.32439446366782004 0.06728538283062645 0.03633217993079585
2 0.14327146171693736 0.43252595155709345 0.022041763341067284 0.02422145328719723
3 0.12529002320185614 0.4031141868512111 0.03480278422273782 0.02768166089965398
1 0.14501160092807425 0.41782006920415227 0.027842227378190254 0.06401384083044982
5 0.11716937354988399 0.41522491349480967 0.030162412993039442 0.0657439446366782
