1 0.5343065693430656 0.4212121212121212 0.09927007299270073 0.1595959595959596
1 0.6394160583941606 0.4090909090909091 0.08759124087591241 0.14343434343434344
1 0.82992700729927 0.4353535353535353 0.09781021897810219 0.1717171717171717
2 0.5335766423357664 0.45151515151515154 0.09197080291970802 0.08686868686868687
2 0.6430656934306569 0.4404040404040404 0.07737226277372262 0.07272727272727272
2 0.827007299270073 0.4808080808080808 0.08905109489051095 0.07272727272727272
3 0.6408759124087591 0.37676767676767675 0.08175182481751825 0.07474747474747474
4 0.82992700729927 0.42727272727272725 0.08905109489051095 0.03434343434343434
2 0.872992700729927 0.21616161616161617 0.03795620437956204 0.06868686868686869
1 0.8437956204379562 0.1919191919191919 0.0905109489051095 0.13333333333333333
