1 0.6992337164750958 0.2815656565656566 0.20306513409961685 0.3106060606060606
6 0.12643678160919541 0.21212121212121213 0.16475095785440613 0.29292929292929293
6 0.8687739463601533 0.6414141414141414 0.25862068965517243 0.6868686868686869
4 0.8697318007662835 0.5833333333333334 0.25287356321839083 0.18686868686868688
11 0.12260536398467432 0.14015151515151514 0.14942528735632185 0.12878787878787878
11 0.710727969348659 0.23106060606060605 0.17624521072796934 0.20959595959595959
11 0.8649425287356322 0.4595959595959596 0.2662835249042146 0.35353535353535354
2 0.13409961685823754 0.2815656565656566 0.13409961685823754 0.14393939393939395
2 0.6762452107279694 0.3573232323232323 0.14559386973180077 0.1388888888888889
2 0.8831417624521073 0.8333333333333334 0.2222222222222222 0.31313131313131315
