1 0.1731958762886598 0.23017902813299232 0.11134020618556702 0.19948849104859334
1 0.4463917525773196 0.23273657289002558 0.12989690721649486 0.22506393861892582
1 0.7 0.21355498721227623 0.10103092783505155 0.17135549872122763
1 0.9443298969072165 0.27237851662404094 0.09896907216494845 0.1867007672634271
2 0.17010309278350516 0.27237851662404094 0.10515463917525773 0.09974424552429667
2 0.44536082474226807 0.2774936061381074 0.09484536082474226 0.12531969309462915
2 0.6979381443298969 0.24296675191815856 0.088659793814433 0.09718670076726342
2 0.9432989690721649 0.3171355498721228 0.08453608247422681 0.07161125319693094
3 0.1711340206185567 0.17519181585677748 0.10721649484536082 0.0741687979539642
3 0.45670103092783504 0.170076726342711 0.1463917525773196 0.09462915601023018
3 0.702061855670103 0.16112531969309463 0.09690721649484536 0.061381074168797956
3 0.945360824742268 0.22762148337595908 0.09690721649484536 0.09718670076726342
