1 0.07604562737642585 0.18353474320241692 0.07224334600760456 0.13141993957703926
1 0.5209125475285171 0.17069486404833836 0.058935361216730035 0.1299093655589124
1 0.6649239543726235 0.11706948640483383 0.05418250950570342 0.12235649546827794
1 0.4976235741444867 0.4297583081570997 0.08460076045627377 0.14954682779456194
2 0.501425855513308 0.47129909365558914 0.05038022813688213 0.05740181268882175
2 0.5209125475285171 0.20241691842900303 0.053231939163498096 0.06042296072507553
2 0.6582699619771863 0.1404833836858006 0.0408745247148289 0.06948640483383686
7 0.08555133079847908 0.22356495468277945 0.045627376425855515 0.04833836858006042
13 0.0841254752851711 0.20241691842900303 0.05798479087452472 0.09969788519637462
2 0.5541825095057035 0.16540785498489427 0.03231939163498099 0.04078549848942598
1 0.5565589353612167 0.14425981873111782 0.03897338403041825 0.08308157099697885
