1 0.7380497131931166 0.43543543543543545 0.1835564053537285 0.3963963963963964
1 0.5659655831739961 0.5 0.16061185468451242 0.3933933933933934
1 0.41204588910133844 0.5480480480480481 0.22753346080305928 0.46546546546546547
1 0.16921606118546845 0.4069069069069069 0.3384321223709369 0.6876876876876877
11 0.7447418738049714 0.3813813813813814 0.20076481835564053 0.27627627627627627
11 0.5726577437858509 0.3963963963963964 0.16252390057361377 0.16816816816816818
11 0.4216061185468451 0.481981981981982 0.22753346080305928 0.32732732732732733
11 0.16539196940726578 0.28378378378378377 0.33078393881453155 0.43543543543543545
2 0.15200764818355642 0.5630630630630631 0.2734225621414914 0.35735735735735735
2 0.3881453154875717 0.6456456456456456 0.17208413001912046 0.25225225225225223
2 0.5898661567877629 0.5990990990990991 0.13575525812619502 0.15915915915915915
2 0.754302103250478 0.524024024024024 0.16252390057361377 0.2012012012012012
