1 0.5437956204379562 0.6346578366445916 0.15815085158150852 0.2097130242825607
5 0.3077858880778589 0.3609271523178808 0.0851581508515815 0.10816777041942605
0 0.3905109489051095 0.40728476821192056 0.08029197080291971 0.11699779249448124
0 0.5656934306569343 0.3189845474613687 0.08029197080291971 0.11258278145695365
5 0.0851581508515815 0.6600441501103753 0.16058394160583941 0.19426048565121412
3 0.0827250608272506 0.6181015452538632 0.16058394160583941 0.10596026490066225
3 0.30413625304136255 0.3322295805739514 0.0827250608272506 0.05077262693156733
2 0.5425790754257908 0.6865342163355408 0.1411192214111922 0.09271523178807947
0 0.3077858880778589 0.565121412803532 0.1435523114355231 0.13245033112582782
0 0.6922141119221411 0.37637969094922735 0.10462287104622871 0.11258278145695365
