1 0.1445131375579598 0.2411467116357504 0.10973724884080371 0.1315345699831366
1 0.366306027820711 0.26728499156829677 0.10200927357032458 0.12647554806070826
1 0.5741885625965997 0.28077571669477236 0.09119010819165378 0.09949409780775717
1 0.7380216383307573 0.2639123102866779 0.07882534775888717 0.09274873524451939
1 0.8678516228748068 0.26981450252951095 0.07264296754250386 0.0775716694772344
2 0.15301391035548687 0.2723440134907251 0.08346213292117466 0.05564924114671164
2 0.374806800618238 0.29932546374367625 0.0571870170015456 0.05227655986509275
2 0.5765069551777434 0.30354131534569984 0.061823802163833076 0.04384485666104553
2 0.7426584234930448 0.28583473861720066 0.0571870170015456 0.04215851602023609
2 0.8724884080370943 0.28499156829679595 0.04482225656877898 0.03035413153456998
12 0.1437403400309119 0.23018549747048903 0.09891808346213292 0.0387858347386172
12 0.3678516228748068 0.26475548060708265 0.07109737248840804 0.023608768971332208
12 0.580370942812983 0.275716694772344 0.06027820710973725 0.01854974704890388
12 0.7426584234930448 0.2571669477234401 0.05409582689335394 0.01854974704890388
12 0.8732612055641422 0.2639123102866779 0.04945904173106646 0.01517706576728499
3 0.1445131375579598 0.20489038785834737 0.10973724884080371 0.05902192242833052
3 0.3740340030911901 0.23440134907251264 0.1143740340030912 0.05733558178752108
3 0.5772797527047914 0.2521079258010118 0.09119010819165378 0.04215851602023609
3 0.7364760432766615 0.23777403035413153 0.08191653786707882 0.03372681281618887
3 0.8693972179289027 0.24704890387858347 0.07573415765069552 0.03204047217537943
2 0.9837712519319938 0.2782462057335582 0.03245749613601236 0.03372681281618887
2 0.2604327666151468 0.33811129848229343 0.023183925811437404 0.03204047217537943
2 0.43044822256568777 0.3440134907251265 0.02936630602782071 0.023608768971332208
1 0.4273570324574961 0.33558178752107926 0.04482225656877898 0.050590219224283306
1 0.2550231839258114 0.33558178752107926 0.05564142194744977 0.05396290050590219
1 0.973724884080371 0.26644182124789206 0.05255023183925812 0.0775716694772344
