1 0.8723809523809524 0.47095959595959597 0.22857142857142856 0.3661616161616162
1 0.7076190476190476 0.42297979797979796 0.12761904761904763 0.28535353535353536
1 0.5342857142857143 0.3977272727272727 0.14285714285714285 0.23484848484848486
1 0.2914285714285714 0.3686868686868687 0.14476190476190476 0.25252525252525254
1 0.15333333333333332 0.3522727272727273 0.09333333333333334 0.20959595959595959
1 0.05619047619047619 0.33207070707070707 0.11238095238095239 0.2904040404040404
5 0.42095238095238097 0.7247474747474747 0.18666666666666668 0.30303030303030304
2 0.05238095238095238 0.4116161616161616 0.10476190476190476 0.12121212121212122
2 0.15047619047619049 0.4128787878787879 0.09523809523809523 0.09848484848484848
2 0.30095238095238097 0.4255050505050505 0.11428571428571428 0.12373737373737374
2 0.5371428571428571 0.45454545454545453 0.10666666666666667 0.10101010101010101
2 0.7 0.5 0.12380952380952381 0.11616161616161616
2 0.8514285714285714 0.547979797979798 0.17142857142857143 0.19696969696969696
11 0.8657142857142858 0.3952020202020202 0.24952380952380954 0.2398989898989899
11 0.7066666666666667 0.33585858585858586 0.1180952380952381 0.11616161616161616
11 0.5323809523809524 0.35353535353535354 0.14666666666666667 0.14646464646464646
11 0.2876190476190476 0.31313131313131315 0.14476190476190476 0.1414141414141414
11 0.15047619047619049 0.2967171717171717 0.08761904761904762 0.08838383838383838
11 0.06285714285714286 0.2638888888888889 0.12571428571428572 0.14898989898989898
11 0.42095238095238097 0.6881313131313131 0.18285714285714286 0.22474747474747475
