1 0.04044548651817116 0.3150242326332795 0.07854630715123095 0.1421647819063005
1 0.2696365767878077 0.1567043618739903 0.12192262602579132 0.20032310177705978
1 0.7848769050410317 0.3360258481421648 0.08558030480656506 0.10662358642972536
2 0.28311840562719814 0.20113085621970922 0.07854630715123095 0.09208400646203554
2 0.047479484173505275 0.345718901453958 0.05041031652989449 0.07431340872374798
2 0.7731535756154748 0.3481421647819063 0.05509964830011723 0.07269789983844911
3 0.04630715123094959 0.2851373182552504 0.09261430246189918 0.0791599353796446
3 0.28311840562719814 0.1050080775444265 0.14419695193434937 0.09369951534733441
2 0.5580304806565064 0.32794830371567046 0.03048065650644783 0.035541195476575124
2 0.6483001172332943 0.31017770597738287 0.023446658851113716 0.0420032310177706
1 0.5539273153575616 0.3198707592891761 0.041031652989449004 0.07754442649434572
1 0.6576787807737398 0.28998384491114704 0.0492379835873388 0.08562197092084006
