1 0.5126050420168067 0.5783645655877342 0.0700280112044818 0.11073253833049404
1 0.8396358543417367 0.7257240204429302 0.06022408963585434 0.1362862010221465
1 0.9145658263305322 0.07666098807495741 0.17086834733893558 0.15332197614991483
2 0.9110644257703081 0.08432708688245315 0.12464985994397759 0.131175468483816
2 0.8417366946778712 0.752129471890971 0.05042016806722689 0.08006814310051108
2 0.5105042016806722 0.6030664395229983 0.0546218487394958 0.05110732538330494
4 0.5161064425770309 0.575809199318569 0.05742296918767507 0.027257240204429302
4 0.8354341736694678 0.727427597955707 0.046218487394957986 0.03747870528109029
1 0.10784313725490197 0.5775127768313458 0.07563025210084033 0.11243611584327087
1 0.014705882352941176 0.7836456558773425 0.029411764705882353 0.11243611584327087
2 0.10014005602240897 0.6115843270868825 0.0546218487394958 0.044293015332197615
2 0.014705882352941176 0.817717206132879 0.029411764705882353 0.05792163543441227
