6 0.07854406130268199 0.21585160202360876 0.1532567049808429 0.19224283305227655
1 0.38984674329501917 0.3794266441821248 0.11685823754789272 0.13827993254637436
1 0.6599616858237548 0.30016863406408095 0.10153256704980843 0.10792580101180438
5 0.9521072796934866 0.3246205733558179 0.08812260536398467 0.12310286677908938
4 0.08237547892720307 0.20741989881956155 0.12643678160919541 0.050590219224283306
4 0.3706896551724138 0.3962900505902192 0.08237547892720307 0.04047217537942664
4 0.6580459770114943 0.2824620573355818 0.08620689655172414 0.021922428330522766
9 0.9549808429118773 0.3077571669477234 0.08237547892720307 0.02866779089376054
2 0.08908045977011494 0.24704890387858347 0.12835249042145594 0.08600337268128162
2 0.37547892720306514 0.41989881956155145 0.07279693486590039 0.04384485666104553
2 0.6580459770114943 0.31197301854974707 0.05555555555555555 0.05396290050590219
10 0.9511494252873564 0.35581787521079256 0.08620689655172414 0.06070826306913996
