1 0.9515717926932881 0.5661434977578476 0.09685641461342395 0.48654708520179374
1 0.8415463041631266 0.3923766816143498 0.11129991503823279 0.3452914798206278
7 0.8143585386576041 0.48654708520179374 0.05692438402718777 0.14349775784753363
7 0.9426508071367884 0.6177130044843049 0.07561597281223449 0.1367713004484305
10 0.9511469838572643 0.7163677130044843 0.09600679694137638 0.19955156950672645
2 0.3695836873406967 0.18721973094170405 0.02888700084961767 0.05605381165919283
7 0.6954120645709431 0.4260089686098655 0.022939677145284623 0.09865470852017937
7 0.47875955819881055 0.23542600896860988 0.016142735768903994 0.04035874439461883
7 0.27655055225148684 0.36771300448430494 0.034834324553950725 0.07623318385650224
7 0.18861512319456245 0.4304932735426009 0.0356839422259983 0.1031390134529148
7 0.0118946474086661 0.577354260089686 0.0237892948173322 0.1367713004484305
1 0.7213254035683943 0.3576233183856502 0.08326253186066271 0.2085201793721973
1 0.48300764655904843 0.17713004484304934 0.04672897196261682 0.16591928251121077
1 0.36661002548853017 0.16591928251121077 0.03143585386576041 0.11210762331838565
1 0.2655055225148683 0.3217488789237668 0.05692438402718777 0.16367713004484305
1 0.16779949022939677 0.37668161434977576 0.07221750212404418 0.20179372197309417
1 0.013169073916737469 0.5 0.026338147833474938 0.3004484304932735
