1 0.7112903225806452 0.1761904761904762 0.1086021505376344 0.24444444444444444
1 0.5532258064516129 0.13253968253968254 0.07849462365591398 0.17936507936507937
1 0.2908602150537634 0.20555555555555555 0.07204301075268817 0.1380952380952381
1 0.16075268817204302 0.24285714285714285 0.0913978494623656 0.16825396825396827
0 0.23387096774193547 0.15634920634920635 0.06129032258064516 0.11904761904761904
4 0.706989247311828 0.16746031746031745 0.07849462365591398 0.09047619047619047
7 0.17849462365591398 0.2706349206349206 0.04946236559139785 0.08095238095238096
7 0.2967741935483871 0.23412698412698413 0.05161290322580645 0.06825396825396825
7 0.55 0.17063492063492064 0.06559139784946237 0.07777777777777778
7 0.7096774193548387 0.24047619047619048 0.07741935483870968 0.0873015873015873
