1 0.3558648111332008 0.6151785714285715 0.2982107355864811 0.3517857142857143
1 0.8399602385685885 0.5732142857142857 0.23260437375745527 0.3
1 0.610337972166998 0.3821428571428571 0.13518886679920478 0.15714285714285714
1 0.7912524850894632 0.3482142857142857 0.147117296222664 0.15714285714285714
1 0.8986083499005965 0.2392857142857143 0.08349900596421471 0.11785714285714285
1 0.8210735586481114 0.20267857142857143 0.07952286282306163 0.08392857142857142
1 0.6928429423459245 0.22678571428571428 0.10934393638170974 0.10714285714285714
1 0.3856858846918489 0.21964285714285714 0.10337972166998012 0.125
1 0.19383697813121273 0.15803571428571428 0.18886679920477137 0.24107142857142858
2 0.19483101391650098 0.21428571428571427 0.16699801192842942 0.12142857142857143
2 0.3628230616302187 0.7026785714285714 0.2803180914512923 0.1625
2 0.8429423459244533 0.6383928571428571 0.20675944333996024 0.16607142857142856
2 0.6153081510934394 0.41785714285714287 0.11332007952286283 0.07857142857142857
2 0.7932405566600398 0.3794642857142857 0.1272365805168986 0.08392857142857142
2 0.3866799204771372 0.24821428571428572 0.08946322067594434 0.05357142857142857
2 0.694831013916501 0.2544642857142857 0.09343936381709742 0.044642857142857144
2 0.9005964214711729 0.26607142857142857 0.07554671968190854 0.04642857142857143
2 0.8170974155069582 0.225 0.05964214711729622 0.03214285714285714
2 0.5715705765407555 0.18125 0.04970178926441352 0.048214285714285716
2 0.6322067594433399 0.1732142857142857 0.055666003976143144 0.04285714285714286
2 0.33300198807157055 0.15357142857142858 0.05765407554671968 0.039285714285714285
2 0.4363817097415507 0.14642857142857144 0.02982107355864811 0.025
2 0.562624254473161 0.07142857142857142 0.03180914512922465 0.03571428571428571
2 0.020874751491053677 0.13125 0.033797216699801194 0.04107142857142857
2 0.04572564612326044 0.06339285714285714 0.05168986083499006 0.030357142857142857
1 0.5506958250497018 0.15535714285714286 0.09145129224652088 0.09642857142857143
1 0.5526838966202783 0.0625 0.05168986083499006 0.060714285714285714
1 0.6312127236580517 0.15267857142857144 0.06958250497017893 0.0875
1 0.4284294234592445 0.13035714285714287 0.05765407554671968 0.05714285714285714
1 0.33697813121272363 0.13303571428571428 0.073558648111332 0.0875
1 0.040755467196819085 0.04732142857142857 0.073558648111332 0.06964285714285715
1 0.02485089463220676 0.12678571428571428 0.04970178926441352 0.075
