1 0.3262135922330097 0.47093023255813954 0.46990291262135925 0.5736434108527132
1 0.6747572815533981 0.6211240310077519 0.11067961165048544 0.14534883720930233
1 0.8621359223300971 0.623062015503876 0.11650485436893204 0.12596899224806202
1 0.9436893203883495 0.5823643410852714 0.0970873786407767 0.11434108527131782
13 0.3378640776699029 0.4253875968992248 0.39611650485436894 0.21124031007751937
12 0.6766990291262136 0.6162790697674418 0.0912621359223301 0.046511627906976744
12 0.8621359223300971 0.622093023255814 0.0854368932038835 0.04263565891472868
12 0.9466019417475728 0.5765503875968992 0.07961165048543689 0.040697674418604654
11 0.31650485436893205 0.48158914728682173 0.5941747572815534 0.5988372093023255
11 0.6718446601941748 0.6114341085271318 0.1203883495145631 0.1182170542635659
11 0.8572815533980582 0.6124031007751938 0.11067961165048544 0.1124031007751938
11 0.9349514563106797 0.5697674418604651 0.11067961165048544 0.08914728682170543
2 0.31844660194174756 0.5949612403100775 0.36893203883495146 0.32558139534883723
2 0.6728155339805825 0.6579457364341085 0.08737864077669903 0.060077519379844964
2 0.858252427184466 0.6521317829457365 0.06990291262135923 0.06782945736434108
2 0.945631067961165 0.6056201550387597 0.05048543689320388 0.0562015503875969
