1 0.735 0.31076923076923074 0.04666666666666667 0.1476923076923077
1 0.5104166666666666 0.2746153846153846 0.0775 0.1523076923076923
1 0.36875 0.24615384615384617 0.07083333333333333 0.14153846153846153
2 0.36083333333333334 0.2776923076923077 0.043333333333333335 0.07230769230769231
2 0.50875 0.3176923076923077 0.03916666666666667 0.06
2 0.7345833333333334 0.3484615384615385 0.04083333333333333 0.06615384615384616
2 0.17958333333333334 0.3607692307692308 0.035833333333333335 0.05692307692307692
11 0.1725 0.32461538461538464 0.04666666666666667 0.10153846153846154
11 0.51 0.2469230769230769 0.075 0.0876923076923077
1 0.175 0.3346153846153846 0.05333333333333334 0.12461538461538461
4 0.7325 0.32769230769230767 0.045 0.043076923076923075
4 0.3566666666666667 0.24846153846153846 0.043333333333333335 0.04153846153846154
2 0.3016666666666667 0.2815384615384615 0.025 0.052307692307692305
2 0.6208333333333333 0.3269230769230769 0.025 0.04461538461538461
3 0.61375 0.2746153846153846 0.05416666666666667 0.1
1 0.2833333333333333 0.24615384615384617 0.06166666666666667 0.12307692307692308
1 0.62 0.2915384615384615 0.06833333333333333 0.13384615384615384
