6 0.33740234375 0.1879340277777778 0.146484375 0.3376736111111111
1 0.505615234375 0.18489583333333334 0.12841796875 0.2951388888888889
1 0.728271484375 0.2955729166666667 0.12451171875 0.2977430555555556
5 0.79638671875 0.09375 0.1259765625 0.1875
2 0.3408203125 0.2829861111111111 0.1181640625 0.13194444444444445
2 0.505126953125 0.2664930555555556 0.10888671875 0.13194444444444445
2 0.727294921875 0.3815104166666667 0.10107421875 0.12586805555555555
4 0.324462890625 0.0703125 0.10302734375 0.09027777777777778
4 0.71533203125 0.328125 0.1025390625 0.06944444444444445
4 0.7890625 0.040364583333333336 0.0849609375 0.04600694444444445
10 0.796875 0.13975694444444445 0.123046875 0.10069444444444445
