1 0.20703125 0.30078125 0.20703125 0.2890625
1 0.4951171875 0.3359375 0.166015625 0.20703125
1 0.69921875 0.30859375 0.16015625 0.2109375
1 0.8876953125 0.2607421875 0.146484375 0.173828125
4 0.9150390625 0.255859375 0.091796875 0.03515625
4 0.5146484375 0.3564453125 0.119140625 0.056640625
2 0.236328125 0.37890625 0.1328125 0.1171875
2 0.50390625 0.390625 0.109375 0.0859375
2 0.71484375 0.361328125 0.09375 0.0703125
2 0.9150390625 0.3037109375 0.072265625 0.072265625
3 0.2021484375 0.26171875 0.201171875 0.2109375
