1 0.1509375 0.11722222222222223 0.070625 0.1322222222222222
1 0.22375 0.3244444444444444 0.05875 0.14666666666666667
1 0.3278125 0.2772222222222222 0.046875 0.09666666666666666
1 0.58125 0.52 0.06625 0.12444444444444444
1 0.533125 0.1461111111111111 0.0775 0.19
3 0.530625 0.135 0.06875 0.13666666666666666
3 0.58125 0.4888888888888889 0.06875 0.06
7 0.221875 0.3561111111111111 0.05125 0.06333333333333334
7 0.3315625 0.2822222222222222 0.034375 0.042222222222222223
7 0.585625 0.5505555555555556 0.045 0.05
7 0.52625 0.20277777777777778 0.04875 0.07222222222222222
7 0.145625 0.15388888888888888 0.0475 0.058888888888888886
4 0.1421875 0.11222222222222222 0.043125 0.028888888888888888
2 0.02375 0.28944444444444445 0.03 0.03666666666666667
1 0.024375 0.2683333333333333 0.03875 0.09
