1 0.15213358070500926 0.1309192200557103 0.15213358070500926 0.25069637883008355
1 0.33766233766233766 0.11002785515320335 0.07792207792207792 0.17548746518105848
1 0.41929499072356213 0.13509749303621169 0.08534322820037106 0.23119777158774374
1 0.5417439703153989 0.2618384401114206 0.04823747680890538 0.10027855153203342
1 0.6094619666048238 0.24373259052924792 0.04638218923933209 0.09749303621169916
2 0.15862708719851576 0.17548746518105848 0.12430426716141002 0.15041782729805014
2 0.3358070500927644 0.1615598885793872 0.06679035250463822 0.055710306406685235
2 0.4174397031539889 0.19498607242339833 0.07421150278293136 0.08356545961002786
2 0.5408163265306123 0.28133704735376047 0.03525046382189239 0.04456824512534819
2 0.6076066790352505 0.2604456824512535 0.04267161410018553 0.04178272980501393
2 0.924860853432282 0.415041782729805 0.14656771799628943 0.45125348189415043
2 0.6558441558441559 0.29526462395543174 0.02040816326530612 0.033426183844011144
1 0.6651205936920223 0.28690807799442897 0.03896103896103896 0.055710306406685235
1 0.5324675324675324 0.1977715877437326 0.04081632653061224 0.05013927576601671
2 0.5222634508348795 0.21309192200557103 0.027829313543599257 0.036211699164345405
