1 0.49502487562189057 0.21923937360178972 0.05970149253731343 0.1342281879194631
1 0.32960199004975127 0.22371364653243847 0.05472636815920398 0.12080536912751678
1 0.822139303482587 0.2953020134228188 0.03233830845771144 0.07606263982102908
2 0.3283582089552239 0.2539149888143177 0.03482587064676617 0.04697986577181208
2 0.5006218905472637 0.25838926174496646 0.046019900497512436 0.04697986577181208
2 0.8227611940298507 0.3087248322147651 0.028606965174129355 0.040268456375838924
2 0.8550995024875622 0.2662192393736018 0.018656716417910446 0.03131991051454139
1 0.8619402985074627 0.24608501118568232 0.03233830845771144 0.08053691275167785
0 0.1884328358208955 0.21029082774049218 0.03109452736318408 0.06263982102908278
0 0.3849502487562189 0.21476510067114093 0.0236318407960199 0.0447427293064877
