1 0.529296875 0.45321637426900585 0.2109375 0.4678362573099415
1 0.169921875 0.4371345029239766 0.16015625 0.35964912280701755
1 0.849609375 0.45321637426900585 0.1953125 0.4152046783625731
4 0.52734375 0.46637426900584794 0.203125 0.09064327485380116
7 0.169921875 0.5321637426900585 0.15625 0.16374269005847952
2 0.5302734375 0.5833333333333334 0.181640625 0.20175438596491227
2 0.8603515625 0.5701754385964912 0.162109375 0.16374269005847952
2 0.6552734375 0.3713450292397661 0.072265625 0.16374269005847952
2 0.24609375 0.22807017543859648 0.06640625 0.09941520467836257
2 0.3603515625 0.42251461988304095 0.087890625 0.0847953216374269
1 0.5888671875 0.22807017543859648 0.197265625 0.3742690058479532
1 0.3701171875 0.31871345029239767 0.142578125 0.27485380116959063
1 0.212890625 0.1739766081871345 0.12109375 0.195906432748538
