1 0.24269230769230768 0.30563186813186816 0.14384615384615385 0.3447802197802198
1 0.5038461538461538 0.5020604395604396 0.20461538461538462 0.47115384615384615
1 0.73 0.14560439560439561 0.13076923076923078 0.28296703296703296
0 0.8323076923076923 0.09134615384615384 0.0876923076923077 0.18269230769230768
7 0.24153846153846154 0.37706043956043955 0.13076923076923078 0.19093406593406592
7 0.7276923076923076 0.21016483516483517 0.11384615384615385 0.14560439560439561
2 0.5061538461538462 0.6126373626373627 0.15538461538461537 0.23626373626373626
7 0.13692307692307693 0.14354395604395603 0.07384615384615385 0.10851648351648352
1 0.13 0.10989010989010989 0.09076923076923077 0.1978021978021978
0 0.2946153846153846 0.14697802197802198 0.10153846153846154 0.25274725274725274
0 0.5380769230769231 0.0673076923076923 0.08076923076923077 0.1346153846153846
