1 0.7233333333333334 0.25793650793650796 0.14166666666666666 0.3126984126984127
1 0.2604166666666667 0.14682539682539683 0.14583333333333334 0.29365079365079366
1 0.3625 0.14444444444444443 0.10333333333333333 0.28888888888888886
5 0.9229166666666667 0.13174603174603175 0.10416666666666667 0.2126984126984127
2 0.74375 0.3373015873015873 0.09583333333333334 0.14444444444444443
2 0.3020833333333333 0.20873015873015874 0.060833333333333336 0.15079365079365079
2 0.37083333333333335 0.2222222222222222 0.08333333333333333 0.12380952380952381
4 0.3725 0.14523809523809525 0.08666666666666667 0.049206349206349205
4 0.9391666666666667 0.12698412698412698 0.06833333333333333 0.047619047619047616
0 0.12291666666666666 0.22857142857142856 0.08083333333333333 0.17777777777777778
1 0.8141666666666667 0.15634920634920635 0.09833333333333333 0.21428571428571427
2 0.8004166666666667 0.2111111111111111 0.0425 0.09206349206349207
