1 0.3190789473684211 0.36968576709796674 0.29078947368421054 0.6395563770794824
1 0.6006578947368421 0.44731977818853974 0.21973684210526315 0.4288354898336414
3 0.325 0.26709796672828096 0.3157894736842105 0.4343807763401109
4 0.6151315789473685 0.4399260628465804 0.16973684210526316 0.11829944547134935
2 0.30855263157894736 0.5415896487985212 0.24868421052631579 0.27726432532347506
2 0.5914473684210526 0.5517560073937153 0.16973684210526316 0.22365988909426987
2 0.7447368421052631 0.5231053604436229 0.08157894736842106 0.1478743068391867
2 0.905921052631579 0.5341959334565619 0.07763157894736843 0.07763401109057301
15 0.7486842105263158 0.3456561922365989 0.13421052631578947 0.20702402957486138
1 0.7493421052631579 0.4168207024029575 0.1355263157894737 0.3456561922365989
18 0.5953947368421053 0.4565619223659889 0.2381578947368421 0.44731977818853974
6 0.8947368421052632 0.4676524953789279 0.11578947368421053 0.21811460258780038
