1 0.34475806451612906 0.17293906810035842 0.1028225806451613 0.25268817204301075
1 0.5877016129032258 0.44713261648745517 0.1350806451612903 0.27060931899641577
0 0.7636088709677419 0.17114695340501793 0.08165322580645161 0.1989247311827957
0 0.5448588709677419 0.1863799283154122 0.06955645161290322 0.15412186379928317
2 0.33669354838709675 0.22670250896057348 0.07459677419354839 0.13440860215053763
2 0.6098790322580645 0.49551971326164873 0.08266129032258064 0.15591397849462366
4 0.1743951612903226 0.12096774193548387 0.03024193548387097 0.023297491039426525
0 0.8775201612903226 0.16487455197132617 0.057459677419354836 0.13261648745519714
0 0.953125 0.14874551971326164 0.04939516129032258 0.08960573476702509
0 0.8366935483870968 0.13172043010752688 0.036290322580645164 0.07706093189964158
2 0.43850806451612906 0.12634408602150538 0.024193548387096774 0.04838709677419355
1 0.4430443548387097 0.10931899641577061 0.04334677419354839 0.0931899641577061
3 0.10181451612903226 0.06630824372759857 0.036290322580645164 0.035842293906810034
3 0.1900201612903226 0.08602150537634409 0.05342741935483871 0.06093189964157706
3 0.5191532258064516 0.06451612903225806 0.038306451612903226 0.04659498207885305
3 0.6129032258064516 0.09229390681003584 0.05040322580645161 0.05913978494623656
5 0.09879032258064516 0.0913978494623656 0.036290322580645164 0.08602150537634409
5 0.18699596774193547 0.11200716845878136 0.05141129032258065 0.11290322580645161
5 0.5176411290322581 0.07795698924731183 0.03931451612903226 0.06630824372759857
5 0.6113911290322581 0.12186379928315412 0.05141129032258065 0.11469534050179211
