1 0.2867943548387097 0.43637992831541217 0.16834677419354838 0.3924731182795699
1 0.5020161290322581 0.11827956989247312 0.09879032258064516 0.23655913978494625
1 0.7479838709677419 0.2768817204301075 0.12701612903225806 0.2670250896057348
7 0.5100806451612904 0.1639784946236559 0.0625 0.11648745519713262
7 0.28377016129032256 0.5456989247311828 0.11995967741935484 0.16308243727598568
12 0.2767137096774194 0.4543010752688172 0.1502016129032258 0.10931899641577061
12 0.5045362903225806 0.1057347670250896 0.08366935483870967 0.08243727598566308
12 0.7394153225806451 0.260752688172043 0.11391129032258064 0.07706093189964158
11 0.27973790322580644 0.33602150537634407 0.14213709677419356 0.1774193548387097
11 0.7444556451612904 0.19444444444444445 0.07358870967741936 0.10215053763440861
2 0.7232862903225806 0.33691756272401435 0.07358870967741936 0.13978494623655913
