1 0.9082661290322581 0.35125448028673834 0.1532258064516129 0.35125448028673834
1 0.46723790322580644 0.5053763440860215 0.15221774193548387 0.3978494623655914
1 0.46068548387096775 0.16308243727598568 0.13911290322580644 0.32616487455197135
1 0.3397177419354839 0.18189964157706093 0.13709677419354838 0.3387096774193548
1 0.5604838709677419 0.22132616487455198 0.08064516129032258 0.27419354838709675
2 0.9148185483870968 0.4543010752688172 0.1219758064516129 0.14516129032258066
2 0.4637096774193548 0.6173835125448028 0.12903225806451613 0.15591397849462366
2 0.34627016129032256 0.27419354838709675 0.10383064516129033 0.14695340501792115
2 0.4591733870967742 0.2446236559139785 0.13205645161290322 0.14874551971326164
2 0.561491935483871 0.2849462365591398 0.06854838709677419 0.13978494623655913
4 0.4561491935483871 0.16666666666666666 0.12600806451612903 0.05734767025089606
4 0.9198588709677419 0.3790322580645161 0.1219758064516129 0.05555555555555555
