1 0.7420833333333333 0.2951127819548872 0.0625 0.10902255639097744
1 0.6429166666666667 0.2136591478696742 0.034166666666666665 0.07142857142857142
1 0.77 0.18859649122807018 0.03166666666666667 0.06390977443609022
2 0.735 0.32205513784461154 0.045 0.047619047619047616
2 0.7691666666666667 0.20300751879699247 0.025 0.022556390977443608
2 0.63875 0.2324561403508772 0.024166666666666666 0.02882205513784461
4 0.6391666666666667 0.2136591478696742 0.021666666666666667 0.021303258145363407
4 0.7675 0.18671679197994986 0.025 0.015037593984962405
3 0.6475 0.2174185463659148 0.035 0.07644110275689223
3 0.77 0.19047619047619047 0.03333333333333333 0.06516290726817042
