1 0.17333333333333334 0.24444444444444444 0.11777777777777777 0.2188034188034188
1 0.5111111111111111 0.29743589743589743 0.16 0.3316239316239316
1 0.8177777777777778 0.6401709401709401 0.3022222222222222 0.35384615384615387
2 0.1738888888888889 0.2965811965811966 0.08777777777777777 0.10085470085470086
2 0.5005555555555555 0.3572649572649573 0.09666666666666666 0.1264957264957265
2 0.72 0.705982905982906 0.09777777777777778 0.1675213675213675
3 0.84 0.6205128205128205 0.24888888888888888 0.3111111111111111
11 0.16944444444444445 0.18376068376068377 0.11444444444444445 0.0905982905982906
11 0.5011111111111111 0.2170940170940171 0.13777777777777778 0.1641025641025641
4 0.7155555555555555 0.6170940170940171 0.04666666666666667 0.08547008547008547
13 0.17777777777777778 0.2760683760683761 0.13111111111111112 0.18632478632478633
13 0.5127777777777778 0.3452991452991453 0.14555555555555555 0.294017094017094
