0 0.5004887585532747 0.20161290322580644 0.17595307917888564 0.28885630498533726
5 0.8714565004887586 0.25 0.14760508308895406 0.26832844574780057
5 0.7282502443792767 0.6744868035190615 0.1681329423264907 0.2785923753665689
5 0.4496578690127077 0.6517595307917888 0.1935483870967742 0.312316715542522
5 0.10312805474095797 0.6686217008797654 0.19452590420332355 0.31085043988269795
3 0.10312805474095797 0.5872434017595308 0.20234604105571846 0.1598240469208211
3 0.4496578690127077 0.5887096774193549 0.19159335288367546 0.18621700879765396
3 0.7297165200391007 0.6217008797653959 0.1710654936461388 0.17888563049853373
3 0.8714565004887586 0.2001466275659824 0.14760508308895406 0.19208211143695014
4 0.10948191593352884 0.6759530791788856 0.12903225806451613 0.05571847507331378
4 0.46920821114369504 0.6605571847507331 0.13880742913000976 0.06304985337243402
