0 0.032846715328467155 0.20459518599562362 0.06277372262773723 0.15098468271334792
0 0.3007299270072993 0.29431072210065645 0.06715328467153285 0.13347921225382933
0 0.8875912408759125 0.22210065645514224 0.08175182481751825 0.18599562363238512
0 0.827007299270073 0.40809628008752735 0.10656934306569343 0.16411378555798686
5 0.22627737226277372 0.2921225382932166 0.07591240875912408 0.1422319474835886
5 0.5598540145985401 0.33698030634573306 0.08321167883211679 0.15317286652078774
5 0.6759124087591241 0.41575492341356673 0.06715328467153285 0.1050328227571116
5 0.4364963503649635 0.21663019693654267 0.14014598540145987 0.2538293216630197
5 0.8262773722627738 0.19474835886214442 0.058394160583941604 0.13129102844638948
5 0.9664233576642336 0.34573304157549234 0.061313868613138686 0.15317286652078774
4 0.22846715328467154 0.2910284463894967 0.06277372262773723 0.03938730853391685
4 0.5554744525547445 0.3402625820568928 0.08321167883211679 0.03282275711159737
4 0.6751824817518248 0.4037199124726477 0.06277372262773723 0.037199124726477024
4 0.48905109489051096 0.22975929978118162 0.03795620437956204 0.0437636761487965
4 0.8197080291970803 0.1925601750547046 0.042335766423357665 0.0350109409190372
4 0.9605839416058394 0.3413566739606127 0.05547445255474453 0.03938730853391685
