0 0.6237745098039216 0.2536764705882353 0.06924019607843138 0.09722222222222222
0 0.48651960784313725 0.3492647058823529 0.05943627450980392 0.08496732026143791
0 0.7627144607843137 0.3037173202614379 0.06893382352941177 0.10743464052287582
0 0.36565563725490197 0.4820261437908497 0.07506127450980392 0.12581699346405228
5 0.21997549019607843 0.31495098039215685 0.07291666666666667 0.10620915032679738
5 0.14552696078431374 0.5157271241830066 0.09620098039215687 0.1343954248366013
5 0.39261642156862747 0.34477124183006536 0.050551470588235295 0.09722222222222222
5 0.5744485294117647 0.4797794117647059 0.06740196078431372 0.11642156862745098
5 0.7682291666666666 0.5343137254901961 0.08302696078431372 0.11764705882352941
4 0.21737132352941177 0.3194444444444444 0.04932598039215686 0.025326797385620915
4 0.14950980392156862 0.5222630718954249 0.06372549019607843 0.02246732026143791
4 0.39307598039215685 0.34395424836601307 0.049019607843137254 0.02369281045751634
4 0.5739889705882353 0.4881535947712418 0.0548406862745098 0.025326797385620915
4 0.7693014705882353 0.5357434640522876 0.05821078431372549 0.037173202614379085
