0 0.18888888888888888 0.26091081593927895 0.04666666666666667 0.1157495256166983
0 0.2683333333333333 0.3036053130929791 0.06333333333333334 0.14041745730550284
0 0.3794444444444444 0.31024667931688804 0.058888888888888886 0.127134724857685
0 0.43833333333333335 0.24573055028462998 0.04555555555555556 0.12333965844402277
0 0.475 0.38330170777988615 0.06777777777777778 0.1442125237191651
0 0.595 0.31214421252371916 0.052222222222222225 0.11954459203036052
0 0.7016666666666667 0.3681214421252372 0.04777777777777778 0.12144212523719165
0 0.7405555555555555 0.2874762808349146 0.04555555555555556 0.10815939278937381
0 0.7744444444444445 0.3709677419354839 0.06222222222222222 0.1157495256166983
0 0.87 0.2884250474383302 0.05555555555555555 0.1366223908918406
5 0.1527777777777778 0.2846299810246679 0.06555555555555556 0.12903225806451613
5 0.05444444444444444 0.269449715370019 0.07333333333333333 0.14800759013282733
4 0.06555555555555556 0.2637571157495256 0.07111111111111111 0.04554079696394687
4 0.15944444444444444 0.27514231499051234 0.052222222222222225 0.04174573055028463
