0 0.1630859375 0.3118594436310395 0.087890625 0.1815519765739385
0 0.2861328125 0.17789165446559296 0.021484375 0.04538799414348463
0 0.32275390625 0.20571010248901903 0.0224609375 0.05124450951683748
0 0.33740234375 0.42020497803806733 0.0751953125 0.17862371888726208
0 0.48046875 0.4260614934114202 0.087890625 0.15519765739385066
0 0.73388671875 0.43484626647144947 0.0751953125 0.13469985358711567
0 0.833984375 0.6076134699853587 0.103515625 0.14055636896046853
0 0.587890625 0.5439238653001464 0.076171875 0.11566617862371889
5 0.61767578125 0.4751098096632504 0.0654296875 0.10980966325036604
15 0.6044921875 0.4363103953147877 0.091796875 0.09370424597364568
0 0.037109375 0.3953147877013177 0.021484375 0.043923865300146414
