0 0.15269151138716355 0.2575966850828729 0.12111801242236025 0.19751381215469613
0 0.15424430641821946 0.2506906077348066 0.11594202898550725 0.18370165745856354
0 0.4782608695652174 0.5780386740331491 0.12629399585921325 0.22790055248618785
0 0.453416149068323 0.3011049723756906 0.10351966873706005 0.1850828729281768
0 0.453416149068323 0.3031767955801105 0.10351966873706005 0.18370165745856354
0 0.4767080745341615 0.5759668508287292 0.12111801242236025 0.22375690607734808
0 0.6744306418219461 0.4233425414364641 0.11697722567287784 0.18370165745856354
0 0.6739130434782609 0.4281767955801105 0.10973084886128365 0.19889502762430938
0 0.7831262939958592 0.35842541436464087 0.08592132505175984 0.16160220994475138
0 0.7851966873706004 0.36049723756906077 0.09006211180124224 0.1574585635359116
