2 0.9140378548895899 0.5961538461538461 0.1719242902208202 0.20085470085470086
2 0.612776025236593 0.5373931623931624 0.18769716088328076 0.1388888888888889
2 0.038643533123028394 0.5149572649572649 0.07728706624605679 0.2264957264957265
2 0.4518927444794953 0.5074786324786325 0.083596214511041 0.06623931623931624
6 0.5914826498422713 0.3482905982905983 0.2870662460567823 0.5213675213675214
4 0.9077287066246057 0.4797008547008547 0.17823343848580442 0.08333333333333333
0 0.10725552050473186 0.5705128205128205 0.08201892744479496 0.14957264957264957
1 0.04337539432176656 0.4198717948717949 0.08675078864353312 0.41239316239316237
1 0.4392744479495268 0.42735042735042733 0.11829652996845426 0.2264957264957265
1 0.8990536277602523 0.49038461538461536 0.20189274447949526 0.4252136752136752
