7 0.10347985347985347 0.8599537037037037 0.20695970695970695 0.2523148148148148
7 0.4500915750915751 0.9126157407407407 0.19322344322344323 0.17476851851851852
7 0.41895604395604397 0.4195601851851852 0.09981684981684982 0.09606481481481481
7 0.22985347985347984 0.33796296296296297 0.1446886446886447 0.1388888888888889
7 0.603021978021978 0.39988425925925924 0.16391941391941392 0.15625
7 0.8708791208791209 0.28935185185185186 0.25274725274725274 0.2708333333333333
1 0.21245421245421245 0.23668981481481483 0.1794871794871795 0.3460648148148148
1 0.4097985347985348 0.3449074074074074 0.1382783882783883 0.2523148148148148
1 0.6011904761904762 0.32002314814814814 0.18406593406593408 0.32060185185185186
1 0.8626373626373627 0.2152777777777778 0.27472527472527475 0.4305555555555556
1 0.451007326007326 0.8101851851851852 0.20054945054945056 0.3773148148148148
1 0.10622710622710622 0.7528935185185185 0.21245421245421245 0.4826388888888889
