1 0.8852564102564102 0.7726495726495727 0.22948717948717948 0.4444444444444444
1 0.14102564102564102 0.4495726495726496 0.12307692307692308 0.21196581196581196
1 0.5782051282051283 0.4076923076923077 0.08974358974358974 0.15555555555555556
1 0.09230769230769231 0.15384615384615385 0.09743589743589744 0.1811965811965812
0 0.6826923076923077 0.3094017094017094 0.07564102564102564 0.10598290598290598
0 0.8166666666666667 0.37264957264957266 0.10512820512820513 0.13675213675213677
1 0.43525641025641026 0.36923076923076925 0.10384615384615385 0.13333333333333333
1 0.2826923076923077 0.10085470085470086 0.08846153846153847 0.1264957264957265
1 0.23333333333333334 0.6273504273504273 0.1358974358974359 0.18803418803418803
1 0.383974358974359 0.7042735042735043 0.17564102564102563 0.3076923076923077
1 0.7519230769230769 0.11196581196581197 0.0782051282051282 0.11794871794871795
1 0.8480769230769231 0.1170940170940171 0.06538461538461539 0.10427350427350428
0 0.9358974358974359 0.30512820512820515 0.08461538461538462 0.10427350427350428
1 0.21217948717948718 0.27863247863247864 0.05512820512820513 0.10256410256410256
1 0.4371794871794872 0.05213675213675214 0.08205128205128205 0.10427350427350428
1 0.6051282051282051 0.2743589743589744 0.0641025641025641 0.09743589743589744
1 0.9628205128205128 0.10683760683760683 0.05128205128205128 0.07008547008547009
0 0.5391025641025641 0.07264957264957266 0.06538461538461539 0.10085470085470086
0 0.9448717948717948 0.5034188034188034 0.1076923076923077 0.15897435897435896
