1 0.3948412698412698 0.565365025466893 0.05952380952380952 0.06112054329371817
1 0.45634920634920634 0.5220713073005093 0.051587301587301584 0.05263157894736842
1 0.5218253968253969 0.5178268251273345 0.04365079365079365 0.050933786078098474
1 0.689484126984127 0.5059422750424448 0.041666666666666664 0.044142614601018676
0 0.4503968253968254 0.7869269949066214 0.1626984126984127 0.12393887945670629
0 0.07936507936507936 0.46434634974533107 0.047619047619047616 0.04584040747028863
1 0.20436507936507936 0.5110356536502547 0.05555555555555555 0.05432937181663837
1 0.29563492063492064 0.46434634974533107 0.04365079365079365 0.04584040747028863
1 0.022817460317460316 0.5560271646859083 0.041666666666666664 0.06621392190152801
1 0.808531746031746 0.7062818336162988 0.13293650793650794 0.13582342954159593
