1 0.8823834196891192 0.5922787193973634 0.07357512953367876 0.1638418079096045
1 0.18393782383419688 0.3615819209039548 0.04870466321243523 0.1016949152542373
1 0.2632124352331606 0.4397363465160075 0.05595854922279793 0.09981167608286252
1 0.5181347150259067 0.2551789077212806 0.04766839378238342 0.10357815442561205
1 0.0538860103626943 0.3427495291902072 0.03316062176165803 0.07909604519774012
1 0.3290155440414508 0.23258003766478344 0.04248704663212435 0.09227871939736347
1 0.33419689119170987 0.10546139359698682 0.03005181347150259 0.06779661016949153
1 0.37823834196891193 0.07532956685499058 0.03316062176165803 0.07532956685499058
1 0.3051813471502591 0.1064030131826742 0.02383419689119171 0.0696798493408663
1 0.28082901554404144 0.1016949152542373 0.03316062176165803 0.07156308851224105
1 0.23367875647668393 0.10734463276836158 0.03212435233160622 0.064030131826742
1 0.15906735751295337 0.17419962335216574 0.04248704663212435 0.08851224105461393
1 0.07564766839378238 0.15819209039548024 0.04145077720207254 0.07532956685499058
1 0.17409326424870467 0.08286252354048965 0.03316062176165803 0.06779661016949153
1 0.11761658031088083 0.08192090395480225 0.04248704663212435 0.07721280602636535
1 0.04404145077720207 0.04519774011299435 0.03005181347150259 0.05649717514124294
