1 0.6505263157894737 0.5389294403892944 0.15157894736842106 0.20194647201946472
1 0.34210526315789475 0.5352798053527981 0.14947368421052631 0.22871046228710462
1 0.8294736842105264 0.4391727493917275 0.07157894736842105 0.1386861313868613
1 0.4494736842105263 0.40145985401459855 0.07368421052631578 0.09732360097323602
1 0.07263157894736842 0.45742092457420924 0.1368421052631579 0.15085158150851583
1 0.2505263157894737 0.41605839416058393 0.09263157894736843 0.12165450121654502
1 0.6094736842105263 0.34306569343065696 0.061052631578947365 0.09245742092457421
1 0.6810526315789474 0.3199513381995134 0.056842105263157895 0.0851581508515815
1 0.7789473684210526 0.2737226277372263 0.05052631578947368 0.06569343065693431
1 0.8368421052631579 0.26520681265206814 0.04842105263157895 0.06326034063260341
1 0.8873684210526316 0.35766423357664234 0.04421052631578947 0.0827250608272506
1 0.7536842105263157 0.4537712895377129 0.11368421052631579 0.14841849148418493
1 0.43894736842105264 0.0535279805352798 0.06947368421052631 0.09245742092457421
1 0.9431578947368421 0.09610705596107055 0.06315789473684211 0.09002433090024331
