1 0.5658174097664543 0.4854721549636804 0.11677282377919321 0.17191283292978207
1 0.7335456475583864 0.38256658595641646 0.07855626326963906 0.12590799031476999
1 0.9511677282377919 0.34624697336561744 0.08067940552016985 0.13559322033898305
1 0.38004246284501064 0.40314769975786924 0.08917197452229299 0.11864406779661017
1 0.1762208067940552 0.43825665859564167 0.09766454352441614 0.14043583535108958
1 0.018046709129511677 0.47578692493946734 0.036093418259023353 0.1234866828087167
1 0.8174097664543525 0.6246973365617433 0.1613588110403397 0.22276029055690072
1 0.9596602972399151 0.5944309927360775 0.059447983014861996 0.13801452784503632
1 0.9543524416135881 0.5871670702179177 0.07855626326963906 0.14769975786924938
1 0.9309978768577495 0.7760290556900726 0.13800424628450106 0.2106537530266344
