1 0.7685765443151298 0.1935763888888889 0.047448522829006266 0.11979166666666667
1 0.2990152193375112 0.2951388888888889 0.07520143240823635 0.2013888888888889
1 0.17457475380483437 0.2404513888888889 0.06445837063563116 0.15104166666666666
1 0.464189794091316 0.15364583333333334 0.06893464637421665 0.16493055555555555
1 0.3782452999104745 0.2526041666666667 0.05461056401074306 0.140625
0 0.8898836168307968 0.2456597222222222 0.02864816472694718 0.0920138888888889
1 0.05326768128916741 0.2387152777777778 0.10295434198746643 0.2552083333333333
1 0.6020590868397493 0.2361111111111111 0.051029543419874666 0.16319444444444445
1 0.7224709042076992 0.2743055555555556 0.03043867502238138 0.0763888888888889
1 0.855863921217547 0.2552083333333333 0.03401969561324977 0.09027777777777778
1 0.918531781557744 0.2109375 0.025067144136078783 0.06770833333333333
2 0.657117278424351 0.2300347222222222 0.044762757385854966 0.11631944444444445
