1 0.2138849929873773 0.355726872246696 0.07152875175315568 0.15638766519823788
1 0.3288920056100982 0.35462555066079293 0.07433380084151472 0.14096916299559473
1 0.5028050490883591 0.2610132158590308 0.07152875175315568 0.17400881057268722
1 0.7054698457223001 0.3491189427312775 0.08134642356241234 0.19162995594713655
1 0.8499298737727911 0.42400881057268724 0.10659186535764376 0.17841409691629956
1 0.21739130434782608 0.35462555066079293 0.0785413744740533 0.15418502202643172
1 0.3288920056100982 0.34251101321585903 0.07713884992987377 0.15638766519823788
1 0.5056100981767181 0.2665198237885463 0.07713884992987377 0.18061674008810572
1 0.7061711079943899 0.3502202643171806 0.08555399719495091 0.18061674008810572
1 0.8506311360448808 0.4262114537444934 0.11079943899018233 0.1828193832599119
