1 0.9402887139107612 0.43380614657210403 0.06167979002624672 0.12529550827423167
1 0.8766404199475065 0.40425531914893614 0.05511811023622047 0.10874704491725769
1 0.8123359580052494 0.3628841607565012 0.049868766404199474 0.09219858156028368
1 0.7440944881889764 0.3215130023640662 0.04199475065616798 0.09456264775413711
1 0.4849081364829396 0.2966903073286052 0.048556430446194225 0.08747044917257683
1 0.3825459317585302 0.2907801418439716 0.05905511811023622 0.1182033096926714
1 0.2677165354330709 0.28368794326241137 0.04199475065616798 0.08983451536643026
1 0.21194225721784776 0.2895981087470449 0.05380577427821522 0.12529550827423167
1 0.014435695538057743 0.3664302600472813 0.026246719160104987 0.10874704491725769
1 0.05774278215223097 0.30851063829787234 0.04461942257217848 0.10638297872340426
1 0.1594488188976378 0.26713947990543735 0.04068241469816273 0.09929078014184398
1 0.5826771653543307 0.31560283687943264 0.03674540682414698 0.08747044917257683
1 0.6653543307086615 0.3534278959810875 0.028871391076115485 0.06382978723404255
