1 0.3558648111332008 0.6151785714285715 0.2982107355864811 0.3517857142857143
1 0.8399602385685885 0.5732142857142857 0.23260437375745527 0.3
1 0.610337972166998 0.3821428571428571 0.13518886679920478 0.15714285714285714
1 0.7912524850894632 0.3482142857142857 0.147117296222664 0.15714285714285714
1 0.8986083499005965 0.2392857142857143 0.08349900596421471 0.11785714285714285
1 0.8210735586481114 0.20267857142857143 0.07952286282306163 0.08392857142857142
1 0.6928429423459245 0.22678571428571428 0.10934393638170974 0.10714285714285714
1 0.3856858846918489 0.21964285714285714 0.10337972166998012 0.125
1 0.19383697813121273 0.15803571428571428 0.18886679920477137 0.24107142857142858
1 0.5506958250497018 0.15535714285714286 0.09145129224652088 0.09642857142857143
1 0.5526838966202783 0.0625 0.05168986083499006 0.060714285714285714
1 0.6312127236580517 0.15267857142857144 0.06958250497017893 0.0875
1 0.4284294234592445 0.13035714285714287 0.05765407554671968 0.05714285714285714
1 0.33697813121272363 0.13303571428571428 0.073558648111332 0.0875
1 0.040755467196819085 0.04732142857142857 0.073558648111332 0.06964285714285715
1 0.02485089463220676 0.12678571428571428 0.04970178926441352 0.075
