0 0.09067622950819672 0.4173728813559322 0.06864754098360656 0.11440677966101695
0 0.2464139344262295 0.4314971751412429 0.06454918032786885 0.1059322033898305
0 0.34375 0.3474576271186441 0.0625 0.09887005649717515
0 0.39600409836065575 0.4110169491525424 0.06454918032786885 0.11299435028248588
0 0.5819672131147541 0.3495762711864407 0.07377049180327869 0.1370056497175141
0 0.7310450819672131 0.3771186440677966 0.07889344262295082 0.1271186440677966
0 0.8058401639344263 0.4364406779661017 0.07889344262295082 0.1497175141242938
0 0.9190573770491803 0.3347457627118644 0.0778688524590164 0.1271186440677966
2 0.1726434426229508 0.3227401129943503 0.07479508196721311 0.1115819209039548
2 0.5046106557377049 0.3665254237288136 0.07274590163934426 0.10875706214689265
