0 0.5380859375 0.4472913616398243 0.06640625 0.13616398243045388
0 0.57177734375 0.5966325036603221 0.0556640625 0.11566617862371889
0 0.58203125 0.7379209370424598 0.080078125 0.15226939970717424
0 0.68798828125 0.7415812591508053 0.0751953125 0.15666178623718888
0 0.65478515625 0.5248901903367497 0.0673828125 0.13616398243045388
0 0.697265625 0.5322108345534406 0.033203125 0.10102489019033675
0 0.75732421875 0.527818448023426 0.0673828125 0.11859443631039532
0 0.81005859375 0.5065885797950219 0.0537109375 0.1171303074670571
0 0.9052734375 0.4890190336749634 0.06640625 0.12005856515373353
0 0.45263671875 0.5080527086383602 0.0576171875 0.11127379209370425
0 0.47705078125 0.7218155197657394 0.0986328125 0.11127379209370425
0 0.37646484375 0.8689604685212299 0.0712890625 0.14202049780380674
0 0.26220703125 0.732796486090776 0.0849609375 0.16251830161054173
0 0.13037109375 0.7159590043923866 0.1123046875 0.16105417276720352
0 0.10400390625 0.5988286969253295 0.0517578125 0.1054172767203514
0 0.15380859375 0.5475841874084919 0.0810546875 0.13177159590043924
0 0.25927734375 0.5746705710102489 0.0673828125 0.11273792093704246
0 0.3623046875 0.5292825768667643 0.0546875 0.13030746705710103
0 0.4140625 0.5453879941434846 0.046875 0.09809663250366032
