0 0.2567287784679089 0.2639751552795031 0.057971014492753624 0.10869565217391304
0 0.20238095238095238 0.2360248447204969 0.048654244306418216 0.09937888198757763
0 0.11490683229813664 0.2484472049689441 0.062111801242236024 0.10869565217391304
0 0.023291925465838508 0.27639751552795033 0.046583850931677016 0.08695652173913043
0 0.015527950310559006 0.20885093167701863 0.028985507246376812 0.07608695652173914
0 0.3333333333333333 0.23680124223602483 0.039337474120082816 0.07919254658385093
0 0.5791925465838509 0.18944099378881987 0.054865424430641824 0.10559006211180125
0 0.7303312629399586 0.22903726708074534 0.034161490683229816 0.06055900621118013
0 0.8053830227743272 0.12732919254658384 0.06625258799171843 0.11490683229813664
0 0.9399585921325052 0.27562111801242234 0.07039337474120083 0.11956521739130435
2 0.43219461697722567 0.16770186335403728 0.061076604554865424 0.16149068322981366
2 0.4824016563146998 0.19409937888198758 0.035196687370600416 0.07142857142857142
2 0.6780538302277432 0.23136645962732919 0.07867494824016563 0.15838509316770186
